Date and Time: 2024-05-10 07:44
======================
Devices number
----------------------
Number of Hosts: 10
Number of APs: 2
----------------------
Connection number: 1022
======================
Deivces Location
----------------------
AP Coordinates:
('AP1', 13.5, 12.5)
('AP2', 13.5, 12.5)
----------------------
Host Coordinates:
('H1 ', 1.5, 8.0)
('H2 ', 1.5, 10.0)
('H3 ', 4.5, 8.5)
('H4 ', 4.0, 13.0)
('H5 ', 8.5, 11.0)
('H6 ', 11.5, 11.5)
('H7 ', 14.5, 11.5)
('H8 ', 28.5, 8.0)
('H9 ', 4.5, 6.2)
('H10 ', 8.5, 2.0)
======================
Single Throughput
----------------------
H1  for AP1: 39.72
H1  for AP2: 100.78
H2  for AP1: 40.54
H2  for AP2: 102.36
H3  for AP1: 44.29
H3  for AP2: 109.34
H4  for AP1: 44.84
H4  for AP2: 110.32
H5  for AP1: 52.17
H5  for AP2: 122.64
H6  for AP1: 57.07
H6  for AP2: 129.88
H7  for AP1: 58.2
H7  for AP2: 131.4
H8  for AP1: 35.84
H8  for AP2: 92.98
H9  for AP1: 42.48
H9  for AP2: 106.02
H10  for AP1: 41.49
H10  for AP2: 104.16
======================
Connection assignments
----------------------
Connection 1:
[0, 1]
[0, 1]
[0, 1]
[0, 1]
[0, 1]
[0, 1]
[0, 1]
[0, 1]
[0, 1]
[1, 0]
Connection 2:
[0, 1]
[0, 1]
[0, 1]
[0, 1]
[0, 1]
[0, 1]
[0, 1]
[0, 1]
[1, 0]
[0, 1]
Connection 3:
[0, 1]
[0, 1]
[0, 1]
[0, 1]
[0, 1]
[0, 1]
[0, 1]
[0, 1]
[1, 0]
[1, 0]
Connection 4:
[0, 1]
[0, 1]
[0, 1]
[0, 1]
[0, 1]
[0, 1]
[0, 1]
[1, 0]
[0, 1]
[0, 1]
Connection 5:
[0, 1]
[0, 1]
[0, 1]
[0, 1]
[0, 1]
[0, 1]
[0, 1]
[1, 0]
[0, 1]
[1, 0]
Connection 6:
[0, 1]
[0, 1]
[0, 1]
[0, 1]
[0, 1]
[0, 1]
[0, 1]
[1, 0]
[1, 0]
[0, 1]
Connection 7:
[0, 1]
[0, 1]
[0, 1]
[0, 1]
[0, 1]
[0, 1]
[0, 1]
[1, 0]
[1, 0]
[1, 0]
Connection 8:
[0, 1]
[0, 1]
[0, 1]
[0, 1]
[0, 1]
[0, 1]
[1, 0]
[0, 1]
[0, 1]
[0, 1]
Connection 9:
[0, 1]
[0, 1]
[0, 1]
[0, 1]
[0, 1]
[0, 1]
[1, 0]
[0, 1]
[0, 1]
[1, 0]
Connection 10:
[0, 1]
[0, 1]
[0, 1]
[0, 1]
[0, 1]
[0, 1]
[1, 0]
[0, 1]
[1, 0]
[0, 1]
Connection 11:
[0, 1]
[0, 1]
[0, 1]
[0, 1]
[0, 1]
[0, 1]
[1, 0]
[0, 1]
[1, 0]
[1, 0]
Connection 12:
[0, 1]
[0, 1]
[0, 1]
[0, 1]
[0, 1]
[0, 1]
[1, 0]
[1, 0]
[0, 1]
[0, 1]
Connection 13:
[0, 1]
[0, 1]
[0, 1]
[0, 1]
[0, 1]
[0, 1]
[1, 0]
[1, 0]
[0, 1]
[1, 0]
Connection 14:
[0, 1]
[0, 1]
[0, 1]
[0, 1]
[0, 1]
[0, 1]
[1, 0]
[1, 0]
[1, 0]
[0, 1]
Connection 15:
[0, 1]
[0, 1]
[0, 1]
[0, 1]
[0, 1]
[0, 1]
[1, 0]
[1, 0]
[1, 0]
[1, 0]
Connection 16:
[0, 1]
[0, 1]
[0, 1]
[0, 1]
[0, 1]
[1, 0]
[0, 1]
[0, 1]
[0, 1]
[0, 1]
Connection 17:
[0, 1]
[0, 1]
[0, 1]
[0, 1]
[0, 1]
[1, 0]
[0, 1]
[0, 1]
[0, 1]
[1, 0]
Connection 18:
[0, 1]
[0, 1]
[0, 1]
[0, 1]
[0, 1]
[1, 0]
[0, 1]
[0, 1]
[1, 0]
[0, 1]
Connection 19:
[0, 1]
[0, 1]
[0, 1]
[0, 1]
[0, 1]
[1, 0]
[0, 1]
[0, 1]
[1, 0]
[1, 0]
Connection 20:
[0, 1]
[0, 1]
[0, 1]
[0, 1]
[0, 1]
[1, 0]
[0, 1]
[1, 0]
[0, 1]
[0, 1]
Connection 21:
[0, 1]
[0, 1]
[0, 1]
[0, 1]
[0, 1]
[1, 0]
[0, 1]
[1, 0]
[0, 1]
[1, 0]
Connection 22:
[0, 1]
[0, 1]
[0, 1]
[0, 1]
[0, 1]
[1, 0]
[0, 1]
[1, 0]
[1, 0]
[0, 1]
Connection 23:
[0, 1]
[0, 1]
[0, 1]
[0, 1]
[0, 1]
[1, 0]
[0, 1]
[1, 0]
[1, 0]
[1, 0]
Connection 24:
[0, 1]
[0, 1]
[0, 1]
[0, 1]
[0, 1]
[1, 0]
[1, 0]
[0, 1]
[0, 1]
[0, 1]
Connection 25:
[0, 1]
[0, 1]
[0, 1]
[0, 1]
[0, 1]
[1, 0]
[1, 0]
[0, 1]
[0, 1]
[1, 0]
Connection 26:
[0, 1]
[0, 1]
[0, 1]
[0, 1]
[0, 1]
[1, 0]
[1, 0]
[0, 1]
[1, 0]
[0, 1]
Connection 27:
[0, 1]
[0, 1]
[0, 1]
[0, 1]
[0, 1]
[1, 0]
[1, 0]
[0, 1]
[1, 0]
[1, 0]
Connection 28:
[0, 1]
[0, 1]
[0, 1]
[0, 1]
[0, 1]
[1, 0]
[1, 0]
[1, 0]
[0, 1]
[0, 1]
Connection 29:
[0, 1]
[0, 1]
[0, 1]
[0, 1]
[0, 1]
[1, 0]
[1, 0]
[1, 0]
[0, 1]
[1, 0]
Connection 30:
[0, 1]
[0, 1]
[0, 1]
[0, 1]
[0, 1]
[1, 0]
[1, 0]
[1, 0]
[1, 0]
[0, 1]
Connection 31:
[0, 1]
[0, 1]
[0, 1]
[0, 1]
[0, 1]
[1, 0]
[1, 0]
[1, 0]
[1, 0]
[1, 0]
Connection 32:
[0, 1]
[0, 1]
[0, 1]
[0, 1]
[1, 0]
[0, 1]
[0, 1]
[0, 1]
[0, 1]
[0, 1]
Connection 33:
[0, 1]
[0, 1]
[0, 1]
[0, 1]
[1, 0]
[0, 1]
[0, 1]
[0, 1]
[0, 1]
[1, 0]
Connection 34:
[0, 1]
[0, 1]
[0, 1]
[0, 1]
[1, 0]
[0, 1]
[0, 1]
[0, 1]
[1, 0]
[0, 1]
Connection 35:
[0, 1]
[0, 1]
[0, 1]
[0, 1]
[1, 0]
[0, 1]
[0, 1]
[0, 1]
[1, 0]
[1, 0]
Connection 36:
[0, 1]
[0, 1]
[0, 1]
[0, 1]
[1, 0]
[0, 1]
[0, 1]
[1, 0]
[0, 1]
[0, 1]
Connection 37:
[0, 1]
[0, 1]
[0, 1]
[0, 1]
[1, 0]
[0, 1]
[0, 1]
[1, 0]
[0, 1]
[1, 0]
Connection 38:
[0, 1]
[0, 1]
[0, 1]
[0, 1]
[1, 0]
[0, 1]
[0, 1]
[1, 0]
[1, 0]
[0, 1]
Connection 39:
[0, 1]
[0, 1]
[0, 1]
[0, 1]
[1, 0]
[0, 1]
[0, 1]
[1, 0]
[1, 0]
[1, 0]
Connection 40:
[0, 1]
[0, 1]
[0, 1]
[0, 1]
[1, 0]
[0, 1]
[1, 0]
[0, 1]
[0, 1]
[0, 1]
Connection 41:
[0, 1]
[0, 1]
[0, 1]
[0, 1]
[1, 0]
[0, 1]
[1, 0]
[0, 1]
[0, 1]
[1, 0]
Connection 42:
[0, 1]
[0, 1]
[0, 1]
[0, 1]
[1, 0]
[0, 1]
[1, 0]
[0, 1]
[1, 0]
[0, 1]
Connection 43:
[0, 1]
[0, 1]
[0, 1]
[0, 1]
[1, 0]
[0, 1]
[1, 0]
[0, 1]
[1, 0]
[1, 0]
Connection 44:
[0, 1]
[0, 1]
[0, 1]
[0, 1]
[1, 0]
[0, 1]
[1, 0]
[1, 0]
[0, 1]
[0, 1]
Connection 45:
[0, 1]
[0, 1]
[0, 1]
[0, 1]
[1, 0]
[0, 1]
[1, 0]
[1, 0]
[0, 1]
[1, 0]
Connection 46:
[0, 1]
[0, 1]
[0, 1]
[0, 1]
[1, 0]
[0, 1]
[1, 0]
[1, 0]
[1, 0]
[0, 1]
Connection 47:
[0, 1]
[0, 1]
[0, 1]
[0, 1]
[1, 0]
[0, 1]
[1, 0]
[1, 0]
[1, 0]
[1, 0]
Connection 48:
[0, 1]
[0, 1]
[0, 1]
[0, 1]
[1, 0]
[1, 0]
[0, 1]
[0, 1]
[0, 1]
[0, 1]
Connection 49:
[0, 1]
[0, 1]
[0, 1]
[0, 1]
[1, 0]
[1, 0]
[0, 1]
[0, 1]
[0, 1]
[1, 0]
Connection 50:
[0, 1]
[0, 1]
[0, 1]
[0, 1]
[1, 0]
[1, 0]
[0, 1]
[0, 1]
[1, 0]
[0, 1]
Connection 51:
[0, 1]
[0, 1]
[0, 1]
[0, 1]
[1, 0]
[1, 0]
[0, 1]
[0, 1]
[1, 0]
[1, 0]
Connection 52:
[0, 1]
[0, 1]
[0, 1]
[0, 1]
[1, 0]
[1, 0]
[0, 1]
[1, 0]
[0, 1]
[0, 1]
Connection 53:
[0, 1]
[0, 1]
[0, 1]
[0, 1]
[1, 0]
[1, 0]
[0, 1]
[1, 0]
[0, 1]
[1, 0]
Connection 54:
[0, 1]
[0, 1]
[0, 1]
[0, 1]
[1, 0]
[1, 0]
[0, 1]
[1, 0]
[1, 0]
[0, 1]
Connection 55:
[0, 1]
[0, 1]
[0, 1]
[0, 1]
[1, 0]
[1, 0]
[0, 1]
[1, 0]
[1, 0]
[1, 0]
Connection 56:
[0, 1]
[0, 1]
[0, 1]
[0, 1]
[1, 0]
[1, 0]
[1, 0]
[0, 1]
[0, 1]
[0, 1]
Connection 57:
[0, 1]
[0, 1]
[0, 1]
[0, 1]
[1, 0]
[1, 0]
[1, 0]
[0, 1]
[0, 1]
[1, 0]
Connection 58:
[0, 1]
[0, 1]
[0, 1]
[0, 1]
[1, 0]
[1, 0]
[1, 0]
[0, 1]
[1, 0]
[0, 1]
Connection 59:
[0, 1]
[0, 1]
[0, 1]
[0, 1]
[1, 0]
[1, 0]
[1, 0]
[0, 1]
[1, 0]
[1, 0]
Connection 60:
[0, 1]
[0, 1]
[0, 1]
[0, 1]
[1, 0]
[1, 0]
[1, 0]
[1, 0]
[0, 1]
[0, 1]
Connection 61:
[0, 1]
[0, 1]
[0, 1]
[0, 1]
[1, 0]
[1, 0]
[1, 0]
[1, 0]
[0, 1]
[1, 0]
Connection 62:
[0, 1]
[0, 1]
[0, 1]
[0, 1]
[1, 0]
[1, 0]
[1, 0]
[1, 0]
[1, 0]
[0, 1]
Connection 63:
[0, 1]
[0, 1]
[0, 1]
[0, 1]
[1, 0]
[1, 0]
[1, 0]
[1, 0]
[1, 0]
[1, 0]
Connection 64:
[0, 1]
[0, 1]
[0, 1]
[1, 0]
[0, 1]
[0, 1]
[0, 1]
[0, 1]
[0, 1]
[0, 1]
Connection 65:
[0, 1]
[0, 1]
[0, 1]
[1, 0]
[0, 1]
[0, 1]
[0, 1]
[0, 1]
[0, 1]
[1, 0]
Connection 66:
[0, 1]
[0, 1]
[0, 1]
[1, 0]
[0, 1]
[0, 1]
[0, 1]
[0, 1]
[1, 0]
[0, 1]
Connection 67:
[0, 1]
[0, 1]
[0, 1]
[1, 0]
[0, 1]
[0, 1]
[0, 1]
[0, 1]
[1, 0]
[1, 0]
Connection 68:
[0, 1]
[0, 1]
[0, 1]
[1, 0]
[0, 1]
[0, 1]
[0, 1]
[1, 0]
[0, 1]
[0, 1]
Connection 69:
[0, 1]
[0, 1]
[0, 1]
[1, 0]
[0, 1]
[0, 1]
[0, 1]
[1, 0]
[0, 1]
[1, 0]
Connection 70:
[0, 1]
[0, 1]
[0, 1]
[1, 0]
[0, 1]
[0, 1]
[0, 1]
[1, 0]
[1, 0]
[0, 1]
Connection 71:
[0, 1]
[0, 1]
[0, 1]
[1, 0]
[0, 1]
[0, 1]
[0, 1]
[1, 0]
[1, 0]
[1, 0]
Connection 72:
[0, 1]
[0, 1]
[0, 1]
[1, 0]
[0, 1]
[0, 1]
[1, 0]
[0, 1]
[0, 1]
[0, 1]
Connection 73:
[0, 1]
[0, 1]
[0, 1]
[1, 0]
[0, 1]
[0, 1]
[1, 0]
[0, 1]
[0, 1]
[1, 0]
Connection 74:
[0, 1]
[0, 1]
[0, 1]
[1, 0]
[0, 1]
[0, 1]
[1, 0]
[0, 1]
[1, 0]
[0, 1]
Connection 75:
[0, 1]
[0, 1]
[0, 1]
[1, 0]
[0, 1]
[0, 1]
[1, 0]
[0, 1]
[1, 0]
[1, 0]
Connection 76:
[0, 1]
[0, 1]
[0, 1]
[1, 0]
[0, 1]
[0, 1]
[1, 0]
[1, 0]
[0, 1]
[0, 1]
Connection 77:
[0, 1]
[0, 1]
[0, 1]
[1, 0]
[0, 1]
[0, 1]
[1, 0]
[1, 0]
[0, 1]
[1, 0]
Connection 78:
[0, 1]
[0, 1]
[0, 1]
[1, 0]
[0, 1]
[0, 1]
[1, 0]
[1, 0]
[1, 0]
[0, 1]
Connection 79:
[0, 1]
[0, 1]
[0, 1]
[1, 0]
[0, 1]
[0, 1]
[1, 0]
[1, 0]
[1, 0]
[1, 0]
Connection 80:
[0, 1]
[0, 1]
[0, 1]
[1, 0]
[0, 1]
[1, 0]
[0, 1]
[0, 1]
[0, 1]
[0, 1]
Connection 81:
[0, 1]
[0, 1]
[0, 1]
[1, 0]
[0, 1]
[1, 0]
[0, 1]
[0, 1]
[0, 1]
[1, 0]
Connection 82:
[0, 1]
[0, 1]
[0, 1]
[1, 0]
[0, 1]
[1, 0]
[0, 1]
[0, 1]
[1, 0]
[0, 1]
Connection 83:
[0, 1]
[0, 1]
[0, 1]
[1, 0]
[0, 1]
[1, 0]
[0, 1]
[0, 1]
[1, 0]
[1, 0]
Connection 84:
[0, 1]
[0, 1]
[0, 1]
[1, 0]
[0, 1]
[1, 0]
[0, 1]
[1, 0]
[0, 1]
[0, 1]
Connection 85:
[0, 1]
[0, 1]
[0, 1]
[1, 0]
[0, 1]
[1, 0]
[0, 1]
[1, 0]
[0, 1]
[1, 0]
Connection 86:
[0, 1]
[0, 1]
[0, 1]
[1, 0]
[0, 1]
[1, 0]
[0, 1]
[1, 0]
[1, 0]
[0, 1]
Connection 87:
[0, 1]
[0, 1]
[0, 1]
[1, 0]
[0, 1]
[1, 0]
[0, 1]
[1, 0]
[1, 0]
[1, 0]
Connection 88:
[0, 1]
[0, 1]
[0, 1]
[1, 0]
[0, 1]
[1, 0]
[1, 0]
[0, 1]
[0, 1]
[0, 1]
Connection 89:
[0, 1]
[0, 1]
[0, 1]
[1, 0]
[0, 1]
[1, 0]
[1, 0]
[0, 1]
[0, 1]
[1, 0]
Connection 90:
[0, 1]
[0, 1]
[0, 1]
[1, 0]
[0, 1]
[1, 0]
[1, 0]
[0, 1]
[1, 0]
[0, 1]
Connection 91:
[0, 1]
[0, 1]
[0, 1]
[1, 0]
[0, 1]
[1, 0]
[1, 0]
[0, 1]
[1, 0]
[1, 0]
Connection 92:
[0, 1]
[0, 1]
[0, 1]
[1, 0]
[0, 1]
[1, 0]
[1, 0]
[1, 0]
[0, 1]
[0, 1]
Connection 93:
[0, 1]
[0, 1]
[0, 1]
[1, 0]
[0, 1]
[1, 0]
[1, 0]
[1, 0]
[0, 1]
[1, 0]
Connection 94:
[0, 1]
[0, 1]
[0, 1]
[1, 0]
[0, 1]
[1, 0]
[1, 0]
[1, 0]
[1, 0]
[0, 1]
Connection 95:
[0, 1]
[0, 1]
[0, 1]
[1, 0]
[0, 1]
[1, 0]
[1, 0]
[1, 0]
[1, 0]
[1, 0]
Connection 96:
[0, 1]
[0, 1]
[0, 1]
[1, 0]
[1, 0]
[0, 1]
[0, 1]
[0, 1]
[0, 1]
[0, 1]
Connection 97:
[0, 1]
[0, 1]
[0, 1]
[1, 0]
[1, 0]
[0, 1]
[0, 1]
[0, 1]
[0, 1]
[1, 0]
Connection 98:
[0, 1]
[0, 1]
[0, 1]
[1, 0]
[1, 0]
[0, 1]
[0, 1]
[0, 1]
[1, 0]
[0, 1]
Connection 99:
[0, 1]
[0, 1]
[0, 1]
[1, 0]
[1, 0]
[0, 1]
[0, 1]
[0, 1]
[1, 0]
[1, 0]
Connection 100:
[0, 1]
[0, 1]
[0, 1]
[1, 0]
[1, 0]
[0, 1]
[0, 1]
[1, 0]
[0, 1]
[0, 1]
Connection 101:
[0, 1]
[0, 1]
[0, 1]
[1, 0]
[1, 0]
[0, 1]
[0, 1]
[1, 0]
[0, 1]
[1, 0]
Connection 102:
[0, 1]
[0, 1]
[0, 1]
[1, 0]
[1, 0]
[0, 1]
[0, 1]
[1, 0]
[1, 0]
[0, 1]
Connection 103:
[0, 1]
[0, 1]
[0, 1]
[1, 0]
[1, 0]
[0, 1]
[0, 1]
[1, 0]
[1, 0]
[1, 0]
Connection 104:
[0, 1]
[0, 1]
[0, 1]
[1, 0]
[1, 0]
[0, 1]
[1, 0]
[0, 1]
[0, 1]
[0, 1]
Connection 105:
[0, 1]
[0, 1]
[0, 1]
[1, 0]
[1, 0]
[0, 1]
[1, 0]
[0, 1]
[0, 1]
[1, 0]
Connection 106:
[0, 1]
[0, 1]
[0, 1]
[1, 0]
[1, 0]
[0, 1]
[1, 0]
[0, 1]
[1, 0]
[0, 1]
Connection 107:
[0, 1]
[0, 1]
[0, 1]
[1, 0]
[1, 0]
[0, 1]
[1, 0]
[0, 1]
[1, 0]
[1, 0]
Connection 108:
[0, 1]
[0, 1]
[0, 1]
[1, 0]
[1, 0]
[0, 1]
[1, 0]
[1, 0]
[0, 1]
[0, 1]
Connection 109:
[0, 1]
[0, 1]
[0, 1]
[1, 0]
[1, 0]
[0, 1]
[1, 0]
[1, 0]
[0, 1]
[1, 0]
Connection 110:
[0, 1]
[0, 1]
[0, 1]
[1, 0]
[1, 0]
[0, 1]
[1, 0]
[1, 0]
[1, 0]
[0, 1]
Connection 111:
[0, 1]
[0, 1]
[0, 1]
[1, 0]
[1, 0]
[0, 1]
[1, 0]
[1, 0]
[1, 0]
[1, 0]
Connection 112:
[0, 1]
[0, 1]
[0, 1]
[1, 0]
[1, 0]
[1, 0]
[0, 1]
[0, 1]
[0, 1]
[0, 1]
Connection 113:
[0, 1]
[0, 1]
[0, 1]
[1, 0]
[1, 0]
[1, 0]
[0, 1]
[0, 1]
[0, 1]
[1, 0]
Connection 114:
[0, 1]
[0, 1]
[0, 1]
[1, 0]
[1, 0]
[1, 0]
[0, 1]
[0, 1]
[1, 0]
[0, 1]
Connection 115:
[0, 1]
[0, 1]
[0, 1]
[1, 0]
[1, 0]
[1, 0]
[0, 1]
[0, 1]
[1, 0]
[1, 0]
Connection 116:
[0, 1]
[0, 1]
[0, 1]
[1, 0]
[1, 0]
[1, 0]
[0, 1]
[1, 0]
[0, 1]
[0, 1]
Connection 117:
[0, 1]
[0, 1]
[0, 1]
[1, 0]
[1, 0]
[1, 0]
[0, 1]
[1, 0]
[0, 1]
[1, 0]
Connection 118:
[0, 1]
[0, 1]
[0, 1]
[1, 0]
[1, 0]
[1, 0]
[0, 1]
[1, 0]
[1, 0]
[0, 1]
Connection 119:
[0, 1]
[0, 1]
[0, 1]
[1, 0]
[1, 0]
[1, 0]
[0, 1]
[1, 0]
[1, 0]
[1, 0]
Connection 120:
[0, 1]
[0, 1]
[0, 1]
[1, 0]
[1, 0]
[1, 0]
[1, 0]
[0, 1]
[0, 1]
[0, 1]
Connection 121:
[0, 1]
[0, 1]
[0, 1]
[1, 0]
[1, 0]
[1, 0]
[1, 0]
[0, 1]
[0, 1]
[1, 0]
Connection 122:
[0, 1]
[0, 1]
[0, 1]
[1, 0]
[1, 0]
[1, 0]
[1, 0]
[0, 1]
[1, 0]
[0, 1]
Connection 123:
[0, 1]
[0, 1]
[0, 1]
[1, 0]
[1, 0]
[1, 0]
[1, 0]
[0, 1]
[1, 0]
[1, 0]
Connection 124:
[0, 1]
[0, 1]
[0, 1]
[1, 0]
[1, 0]
[1, 0]
[1, 0]
[1, 0]
[0, 1]
[0, 1]
Connection 125:
[0, 1]
[0, 1]
[0, 1]
[1, 0]
[1, 0]
[1, 0]
[1, 0]
[1, 0]
[0, 1]
[1, 0]
Connection 126:
[0, 1]
[0, 1]
[0, 1]
[1, 0]
[1, 0]
[1, 0]
[1, 0]
[1, 0]
[1, 0]
[0, 1]
Connection 127:
[0, 1]
[0, 1]
[0, 1]
[1, 0]
[1, 0]
[1, 0]
[1, 0]
[1, 0]
[1, 0]
[1, 0]
Connection 128:
[0, 1]
[0, 1]
[1, 0]
[0, 1]
[0, 1]
[0, 1]
[0, 1]
[0, 1]
[0, 1]
[0, 1]
Connection 129:
[0, 1]
[0, 1]
[1, 0]
[0, 1]
[0, 1]
[0, 1]
[0, 1]
[0, 1]
[0, 1]
[1, 0]
Connection 130:
[0, 1]
[0, 1]
[1, 0]
[0, 1]
[0, 1]
[0, 1]
[0, 1]
[0, 1]
[1, 0]
[0, 1]
Connection 131:
[0, 1]
[0, 1]
[1, 0]
[0, 1]
[0, 1]
[0, 1]
[0, 1]
[0, 1]
[1, 0]
[1, 0]
Connection 132:
[0, 1]
[0, 1]
[1, 0]
[0, 1]
[0, 1]
[0, 1]
[0, 1]
[1, 0]
[0, 1]
[0, 1]
Connection 133:
[0, 1]
[0, 1]
[1, 0]
[0, 1]
[0, 1]
[0, 1]
[0, 1]
[1, 0]
[0, 1]
[1, 0]
Connection 134:
[0, 1]
[0, 1]
[1, 0]
[0, 1]
[0, 1]
[0, 1]
[0, 1]
[1, 0]
[1, 0]
[0, 1]
Connection 135:
[0, 1]
[0, 1]
[1, 0]
[0, 1]
[0, 1]
[0, 1]
[0, 1]
[1, 0]
[1, 0]
[1, 0]
Connection 136:
[0, 1]
[0, 1]
[1, 0]
[0, 1]
[0, 1]
[0, 1]
[1, 0]
[0, 1]
[0, 1]
[0, 1]
Connection 137:
[0, 1]
[0, 1]
[1, 0]
[0, 1]
[0, 1]
[0, 1]
[1, 0]
[0, 1]
[0, 1]
[1, 0]
Connection 138:
[0, 1]
[0, 1]
[1, 0]
[0, 1]
[0, 1]
[0, 1]
[1, 0]
[0, 1]
[1, 0]
[0, 1]
Connection 139:
[0, 1]
[0, 1]
[1, 0]
[0, 1]
[0, 1]
[0, 1]
[1, 0]
[0, 1]
[1, 0]
[1, 0]
Connection 140:
[0, 1]
[0, 1]
[1, 0]
[0, 1]
[0, 1]
[0, 1]
[1, 0]
[1, 0]
[0, 1]
[0, 1]
Connection 141:
[0, 1]
[0, 1]
[1, 0]
[0, 1]
[0, 1]
[0, 1]
[1, 0]
[1, 0]
[0, 1]
[1, 0]
Connection 142:
[0, 1]
[0, 1]
[1, 0]
[0, 1]
[0, 1]
[0, 1]
[1, 0]
[1, 0]
[1, 0]
[0, 1]
Connection 143:
[0, 1]
[0, 1]
[1, 0]
[0, 1]
[0, 1]
[0, 1]
[1, 0]
[1, 0]
[1, 0]
[1, 0]
Connection 144:
[0, 1]
[0, 1]
[1, 0]
[0, 1]
[0, 1]
[1, 0]
[0, 1]
[0, 1]
[0, 1]
[0, 1]
Connection 145:
[0, 1]
[0, 1]
[1, 0]
[0, 1]
[0, 1]
[1, 0]
[0, 1]
[0, 1]
[0, 1]
[1, 0]
Connection 146:
[0, 1]
[0, 1]
[1, 0]
[0, 1]
[0, 1]
[1, 0]
[0, 1]
[0, 1]
[1, 0]
[0, 1]
Connection 147:
[0, 1]
[0, 1]
[1, 0]
[0, 1]
[0, 1]
[1, 0]
[0, 1]
[0, 1]
[1, 0]
[1, 0]
Connection 148:
[0, 1]
[0, 1]
[1, 0]
[0, 1]
[0, 1]
[1, 0]
[0, 1]
[1, 0]
[0, 1]
[0, 1]
Connection 149:
[0, 1]
[0, 1]
[1, 0]
[0, 1]
[0, 1]
[1, 0]
[0, 1]
[1, 0]
[0, 1]
[1, 0]
Connection 150:
[0, 1]
[0, 1]
[1, 0]
[0, 1]
[0, 1]
[1, 0]
[0, 1]
[1, 0]
[1, 0]
[0, 1]
Connection 151:
[0, 1]
[0, 1]
[1, 0]
[0, 1]
[0, 1]
[1, 0]
[0, 1]
[1, 0]
[1, 0]
[1, 0]
Connection 152:
[0, 1]
[0, 1]
[1, 0]
[0, 1]
[0, 1]
[1, 0]
[1, 0]
[0, 1]
[0, 1]
[0, 1]
Connection 153:
[0, 1]
[0, 1]
[1, 0]
[0, 1]
[0, 1]
[1, 0]
[1, 0]
[0, 1]
[0, 1]
[1, 0]
Connection 154:
[0, 1]
[0, 1]
[1, 0]
[0, 1]
[0, 1]
[1, 0]
[1, 0]
[0, 1]
[1, 0]
[0, 1]
Connection 155:
[0, 1]
[0, 1]
[1, 0]
[0, 1]
[0, 1]
[1, 0]
[1, 0]
[0, 1]
[1, 0]
[1, 0]
Connection 156:
[0, 1]
[0, 1]
[1, 0]
[0, 1]
[0, 1]
[1, 0]
[1, 0]
[1, 0]
[0, 1]
[0, 1]
Connection 157:
[0, 1]
[0, 1]
[1, 0]
[0, 1]
[0, 1]
[1, 0]
[1, 0]
[1, 0]
[0, 1]
[1, 0]
Connection 158:
[0, 1]
[0, 1]
[1, 0]
[0, 1]
[0, 1]
[1, 0]
[1, 0]
[1, 0]
[1, 0]
[0, 1]
Connection 159:
[0, 1]
[0, 1]
[1, 0]
[0, 1]
[0, 1]
[1, 0]
[1, 0]
[1, 0]
[1, 0]
[1, 0]
Connection 160:
[0, 1]
[0, 1]
[1, 0]
[0, 1]
[1, 0]
[0, 1]
[0, 1]
[0, 1]
[0, 1]
[0, 1]
Connection 161:
[0, 1]
[0, 1]
[1, 0]
[0, 1]
[1, 0]
[0, 1]
[0, 1]
[0, 1]
[0, 1]
[1, 0]
Connection 162:
[0, 1]
[0, 1]
[1, 0]
[0, 1]
[1, 0]
[0, 1]
[0, 1]
[0, 1]
[1, 0]
[0, 1]
Connection 163:
[0, 1]
[0, 1]
[1, 0]
[0, 1]
[1, 0]
[0, 1]
[0, 1]
[0, 1]
[1, 0]
[1, 0]
Connection 164:
[0, 1]
[0, 1]
[1, 0]
[0, 1]
[1, 0]
[0, 1]
[0, 1]
[1, 0]
[0, 1]
[0, 1]
Connection 165:
[0, 1]
[0, 1]
[1, 0]
[0, 1]
[1, 0]
[0, 1]
[0, 1]
[1, 0]
[0, 1]
[1, 0]
Connection 166:
[0, 1]
[0, 1]
[1, 0]
[0, 1]
[1, 0]
[0, 1]
[0, 1]
[1, 0]
[1, 0]
[0, 1]
Connection 167:
[0, 1]
[0, 1]
[1, 0]
[0, 1]
[1, 0]
[0, 1]
[0, 1]
[1, 0]
[1, 0]
[1, 0]
Connection 168:
[0, 1]
[0, 1]
[1, 0]
[0, 1]
[1, 0]
[0, 1]
[1, 0]
[0, 1]
[0, 1]
[0, 1]
Connection 169:
[0, 1]
[0, 1]
[1, 0]
[0, 1]
[1, 0]
[0, 1]
[1, 0]
[0, 1]
[0, 1]
[1, 0]
Connection 170:
[0, 1]
[0, 1]
[1, 0]
[0, 1]
[1, 0]
[0, 1]
[1, 0]
[0, 1]
[1, 0]
[0, 1]
Connection 171:
[0, 1]
[0, 1]
[1, 0]
[0, 1]
[1, 0]
[0, 1]
[1, 0]
[0, 1]
[1, 0]
[1, 0]
Connection 172:
[0, 1]
[0, 1]
[1, 0]
[0, 1]
[1, 0]
[0, 1]
[1, 0]
[1, 0]
[0, 1]
[0, 1]
Connection 173:
[0, 1]
[0, 1]
[1, 0]
[0, 1]
[1, 0]
[0, 1]
[1, 0]
[1, 0]
[0, 1]
[1, 0]
Connection 174:
[0, 1]
[0, 1]
[1, 0]
[0, 1]
[1, 0]
[0, 1]
[1, 0]
[1, 0]
[1, 0]
[0, 1]
Connection 175:
[0, 1]
[0, 1]
[1, 0]
[0, 1]
[1, 0]
[0, 1]
[1, 0]
[1, 0]
[1, 0]
[1, 0]
Connection 176:
[0, 1]
[0, 1]
[1, 0]
[0, 1]
[1, 0]
[1, 0]
[0, 1]
[0, 1]
[0, 1]
[0, 1]
Connection 177:
[0, 1]
[0, 1]
[1, 0]
[0, 1]
[1, 0]
[1, 0]
[0, 1]
[0, 1]
[0, 1]
[1, 0]
Connection 178:
[0, 1]
[0, 1]
[1, 0]
[0, 1]
[1, 0]
[1, 0]
[0, 1]
[0, 1]
[1, 0]
[0, 1]
Connection 179:
[0, 1]
[0, 1]
[1, 0]
[0, 1]
[1, 0]
[1, 0]
[0, 1]
[0, 1]
[1, 0]
[1, 0]
Connection 180:
[0, 1]
[0, 1]
[1, 0]
[0, 1]
[1, 0]
[1, 0]
[0, 1]
[1, 0]
[0, 1]
[0, 1]
Connection 181:
[0, 1]
[0, 1]
[1, 0]
[0, 1]
[1, 0]
[1, 0]
[0, 1]
[1, 0]
[0, 1]
[1, 0]
Connection 182:
[0, 1]
[0, 1]
[1, 0]
[0, 1]
[1, 0]
[1, 0]
[0, 1]
[1, 0]
[1, 0]
[0, 1]
Connection 183:
[0, 1]
[0, 1]
[1, 0]
[0, 1]
[1, 0]
[1, 0]
[0, 1]
[1, 0]
[1, 0]
[1, 0]
Connection 184:
[0, 1]
[0, 1]
[1, 0]
[0, 1]
[1, 0]
[1, 0]
[1, 0]
[0, 1]
[0, 1]
[0, 1]
Connection 185:
[0, 1]
[0, 1]
[1, 0]
[0, 1]
[1, 0]
[1, 0]
[1, 0]
[0, 1]
[0, 1]
[1, 0]
Connection 186:
[0, 1]
[0, 1]
[1, 0]
[0, 1]
[1, 0]
[1, 0]
[1, 0]
[0, 1]
[1, 0]
[0, 1]
Connection 187:
[0, 1]
[0, 1]
[1, 0]
[0, 1]
[1, 0]
[1, 0]
[1, 0]
[0, 1]
[1, 0]
[1, 0]
Connection 188:
[0, 1]
[0, 1]
[1, 0]
[0, 1]
[1, 0]
[1, 0]
[1, 0]
[1, 0]
[0, 1]
[0, 1]
Connection 189:
[0, 1]
[0, 1]
[1, 0]
[0, 1]
[1, 0]
[1, 0]
[1, 0]
[1, 0]
[0, 1]
[1, 0]
Connection 190:
[0, 1]
[0, 1]
[1, 0]
[0, 1]
[1, 0]
[1, 0]
[1, 0]
[1, 0]
[1, 0]
[0, 1]
Connection 191:
[0, 1]
[0, 1]
[1, 0]
[0, 1]
[1, 0]
[1, 0]
[1, 0]
[1, 0]
[1, 0]
[1, 0]
Connection 192:
[0, 1]
[0, 1]
[1, 0]
[1, 0]
[0, 1]
[0, 1]
[0, 1]
[0, 1]
[0, 1]
[0, 1]
Connection 193:
[0, 1]
[0, 1]
[1, 0]
[1, 0]
[0, 1]
[0, 1]
[0, 1]
[0, 1]
[0, 1]
[1, 0]
Connection 194:
[0, 1]
[0, 1]
[1, 0]
[1, 0]
[0, 1]
[0, 1]
[0, 1]
[0, 1]
[1, 0]
[0, 1]
Connection 195:
[0, 1]
[0, 1]
[1, 0]
[1, 0]
[0, 1]
[0, 1]
[0, 1]
[0, 1]
[1, 0]
[1, 0]
Connection 196:
[0, 1]
[0, 1]
[1, 0]
[1, 0]
[0, 1]
[0, 1]
[0, 1]
[1, 0]
[0, 1]
[0, 1]
Connection 197:
[0, 1]
[0, 1]
[1, 0]
[1, 0]
[0, 1]
[0, 1]
[0, 1]
[1, 0]
[0, 1]
[1, 0]
Connection 198:
[0, 1]
[0, 1]
[1, 0]
[1, 0]
[0, 1]
[0, 1]
[0, 1]
[1, 0]
[1, 0]
[0, 1]
Connection 199:
[0, 1]
[0, 1]
[1, 0]
[1, 0]
[0, 1]
[0, 1]
[0, 1]
[1, 0]
[1, 0]
[1, 0]
Connection 200:
[0, 1]
[0, 1]
[1, 0]
[1, 0]
[0, 1]
[0, 1]
[1, 0]
[0, 1]
[0, 1]
[0, 1]
Connection 201:
[0, 1]
[0, 1]
[1, 0]
[1, 0]
[0, 1]
[0, 1]
[1, 0]
[0, 1]
[0, 1]
[1, 0]
Connection 202:
[0, 1]
[0, 1]
[1, 0]
[1, 0]
[0, 1]
[0, 1]
[1, 0]
[0, 1]
[1, 0]
[0, 1]
Connection 203:
[0, 1]
[0, 1]
[1, 0]
[1, 0]
[0, 1]
[0, 1]
[1, 0]
[0, 1]
[1, 0]
[1, 0]
Connection 204:
[0, 1]
[0, 1]
[1, 0]
[1, 0]
[0, 1]
[0, 1]
[1, 0]
[1, 0]
[0, 1]
[0, 1]
Connection 205:
[0, 1]
[0, 1]
[1, 0]
[1, 0]
[0, 1]
[0, 1]
[1, 0]
[1, 0]
[0, 1]
[1, 0]
Connection 206:
[0, 1]
[0, 1]
[1, 0]
[1, 0]
[0, 1]
[0, 1]
[1, 0]
[1, 0]
[1, 0]
[0, 1]
Connection 207:
[0, 1]
[0, 1]
[1, 0]
[1, 0]
[0, 1]
[0, 1]
[1, 0]
[1, 0]
[1, 0]
[1, 0]
Connection 208:
[0, 1]
[0, 1]
[1, 0]
[1, 0]
[0, 1]
[1, 0]
[0, 1]
[0, 1]
[0, 1]
[0, 1]
Connection 209:
[0, 1]
[0, 1]
[1, 0]
[1, 0]
[0, 1]
[1, 0]
[0, 1]
[0, 1]
[0, 1]
[1, 0]
Connection 210:
[0, 1]
[0, 1]
[1, 0]
[1, 0]
[0, 1]
[1, 0]
[0, 1]
[0, 1]
[1, 0]
[0, 1]
Connection 211:
[0, 1]
[0, 1]
[1, 0]
[1, 0]
[0, 1]
[1, 0]
[0, 1]
[0, 1]
[1, 0]
[1, 0]
Connection 212:
[0, 1]
[0, 1]
[1, 0]
[1, 0]
[0, 1]
[1, 0]
[0, 1]
[1, 0]
[0, 1]
[0, 1]
Connection 213:
[0, 1]
[0, 1]
[1, 0]
[1, 0]
[0, 1]
[1, 0]
[0, 1]
[1, 0]
[0, 1]
[1, 0]
Connection 214:
[0, 1]
[0, 1]
[1, 0]
[1, 0]
[0, 1]
[1, 0]
[0, 1]
[1, 0]
[1, 0]
[0, 1]
Connection 215:
[0, 1]
[0, 1]
[1, 0]
[1, 0]
[0, 1]
[1, 0]
[0, 1]
[1, 0]
[1, 0]
[1, 0]
Connection 216:
[0, 1]
[0, 1]
[1, 0]
[1, 0]
[0, 1]
[1, 0]
[1, 0]
[0, 1]
[0, 1]
[0, 1]
Connection 217:
[0, 1]
[0, 1]
[1, 0]
[1, 0]
[0, 1]
[1, 0]
[1, 0]
[0, 1]
[0, 1]
[1, 0]
Connection 218:
[0, 1]
[0, 1]
[1, 0]
[1, 0]
[0, 1]
[1, 0]
[1, 0]
[0, 1]
[1, 0]
[0, 1]
Connection 219:
[0, 1]
[0, 1]
[1, 0]
[1, 0]
[0, 1]
[1, 0]
[1, 0]
[0, 1]
[1, 0]
[1, 0]
Connection 220:
[0, 1]
[0, 1]
[1, 0]
[1, 0]
[0, 1]
[1, 0]
[1, 0]
[1, 0]
[0, 1]
[0, 1]
Connection 221:
[0, 1]
[0, 1]
[1, 0]
[1, 0]
[0, 1]
[1, 0]
[1, 0]
[1, 0]
[0, 1]
[1, 0]
Connection 222:
[0, 1]
[0, 1]
[1, 0]
[1, 0]
[0, 1]
[1, 0]
[1, 0]
[1, 0]
[1, 0]
[0, 1]
Connection 223:
[0, 1]
[0, 1]
[1, 0]
[1, 0]
[0, 1]
[1, 0]
[1, 0]
[1, 0]
[1, 0]
[1, 0]
Connection 224:
[0, 1]
[0, 1]
[1, 0]
[1, 0]
[1, 0]
[0, 1]
[0, 1]
[0, 1]
[0, 1]
[0, 1]
Connection 225:
[0, 1]
[0, 1]
[1, 0]
[1, 0]
[1, 0]
[0, 1]
[0, 1]
[0, 1]
[0, 1]
[1, 0]
Connection 226:
[0, 1]
[0, 1]
[1, 0]
[1, 0]
[1, 0]
[0, 1]
[0, 1]
[0, 1]
[1, 0]
[0, 1]
Connection 227:
[0, 1]
[0, 1]
[1, 0]
[1, 0]
[1, 0]
[0, 1]
[0, 1]
[0, 1]
[1, 0]
[1, 0]
Connection 228:
[0, 1]
[0, 1]
[1, 0]
[1, 0]
[1, 0]
[0, 1]
[0, 1]
[1, 0]
[0, 1]
[0, 1]
Connection 229:
[0, 1]
[0, 1]
[1, 0]
[1, 0]
[1, 0]
[0, 1]
[0, 1]
[1, 0]
[0, 1]
[1, 0]
Connection 230:
[0, 1]
[0, 1]
[1, 0]
[1, 0]
[1, 0]
[0, 1]
[0, 1]
[1, 0]
[1, 0]
[0, 1]
Connection 231:
[0, 1]
[0, 1]
[1, 0]
[1, 0]
[1, 0]
[0, 1]
[0, 1]
[1, 0]
[1, 0]
[1, 0]
Connection 232:
[0, 1]
[0, 1]
[1, 0]
[1, 0]
[1, 0]
[0, 1]
[1, 0]
[0, 1]
[0, 1]
[0, 1]
Connection 233:
[0, 1]
[0, 1]
[1, 0]
[1, 0]
[1, 0]
[0, 1]
[1, 0]
[0, 1]
[0, 1]
[1, 0]
Connection 234:
[0, 1]
[0, 1]
[1, 0]
[1, 0]
[1, 0]
[0, 1]
[1, 0]
[0, 1]
[1, 0]
[0, 1]
Connection 235:
[0, 1]
[0, 1]
[1, 0]
[1, 0]
[1, 0]
[0, 1]
[1, 0]
[0, 1]
[1, 0]
[1, 0]
Connection 236:
[0, 1]
[0, 1]
[1, 0]
[1, 0]
[1, 0]
[0, 1]
[1, 0]
[1, 0]
[0, 1]
[0, 1]
Connection 237:
[0, 1]
[0, 1]
[1, 0]
[1, 0]
[1, 0]
[0, 1]
[1, 0]
[1, 0]
[0, 1]
[1, 0]
Connection 238:
[0, 1]
[0, 1]
[1, 0]
[1, 0]
[1, 0]
[0, 1]
[1, 0]
[1, 0]
[1, 0]
[0, 1]
Connection 239:
[0, 1]
[0, 1]
[1, 0]
[1, 0]
[1, 0]
[0, 1]
[1, 0]
[1, 0]
[1, 0]
[1, 0]
Connection 240:
[0, 1]
[0, 1]
[1, 0]
[1, 0]
[1, 0]
[1, 0]
[0, 1]
[0, 1]
[0, 1]
[0, 1]
Connection 241:
[0, 1]
[0, 1]
[1, 0]
[1, 0]
[1, 0]
[1, 0]
[0, 1]
[0, 1]
[0, 1]
[1, 0]
Connection 242:
[0, 1]
[0, 1]
[1, 0]
[1, 0]
[1, 0]
[1, 0]
[0, 1]
[0, 1]
[1, 0]
[0, 1]
Connection 243:
[0, 1]
[0, 1]
[1, 0]
[1, 0]
[1, 0]
[1, 0]
[0, 1]
[0, 1]
[1, 0]
[1, 0]
Connection 244:
[0, 1]
[0, 1]
[1, 0]
[1, 0]
[1, 0]
[1, 0]
[0, 1]
[1, 0]
[0, 1]
[0, 1]
Connection 245:
[0, 1]
[0, 1]
[1, 0]
[1, 0]
[1, 0]
[1, 0]
[0, 1]
[1, 0]
[0, 1]
[1, 0]
Connection 246:
[0, 1]
[0, 1]
[1, 0]
[1, 0]
[1, 0]
[1, 0]
[0, 1]
[1, 0]
[1, 0]
[0, 1]
Connection 247:
[0, 1]
[0, 1]
[1, 0]
[1, 0]
[1, 0]
[1, 0]
[0, 1]
[1, 0]
[1, 0]
[1, 0]
Connection 248:
[0, 1]
[0, 1]
[1, 0]
[1, 0]
[1, 0]
[1, 0]
[1, 0]
[0, 1]
[0, 1]
[0, 1]
Connection 249:
[0, 1]
[0, 1]
[1, 0]
[1, 0]
[1, 0]
[1, 0]
[1, 0]
[0, 1]
[0, 1]
[1, 0]
Connection 250:
[0, 1]
[0, 1]
[1, 0]
[1, 0]
[1, 0]
[1, 0]
[1, 0]
[0, 1]
[1, 0]
[0, 1]
Connection 251:
[0, 1]
[0, 1]
[1, 0]
[1, 0]
[1, 0]
[1, 0]
[1, 0]
[0, 1]
[1, 0]
[1, 0]
Connection 252:
[0, 1]
[0, 1]
[1, 0]
[1, 0]
[1, 0]
[1, 0]
[1, 0]
[1, 0]
[0, 1]
[0, 1]
Connection 253:
[0, 1]
[0, 1]
[1, 0]
[1, 0]
[1, 0]
[1, 0]
[1, 0]
[1, 0]
[0, 1]
[1, 0]
Connection 254:
[0, 1]
[0, 1]
[1, 0]
[1, 0]
[1, 0]
[1, 0]
[1, 0]
[1, 0]
[1, 0]
[0, 1]
Connection 255:
[0, 1]
[0, 1]
[1, 0]
[1, 0]
[1, 0]
[1, 0]
[1, 0]
[1, 0]
[1, 0]
[1, 0]
Connection 256:
[0, 1]
[1, 0]
[0, 1]
[0, 1]
[0, 1]
[0, 1]
[0, 1]
[0, 1]
[0, 1]
[0, 1]
Connection 257:
[0, 1]
[1, 0]
[0, 1]
[0, 1]
[0, 1]
[0, 1]
[0, 1]
[0, 1]
[0, 1]
[1, 0]
Connection 258:
[0, 1]
[1, 0]
[0, 1]
[0, 1]
[0, 1]
[0, 1]
[0, 1]
[0, 1]
[1, 0]
[0, 1]
Connection 259:
[0, 1]
[1, 0]
[0, 1]
[0, 1]
[0, 1]
[0, 1]
[0, 1]
[0, 1]
[1, 0]
[1, 0]
Connection 260:
[0, 1]
[1, 0]
[0, 1]
[0, 1]
[0, 1]
[0, 1]
[0, 1]
[1, 0]
[0, 1]
[0, 1]
Connection 261:
[0, 1]
[1, 0]
[0, 1]
[0, 1]
[0, 1]
[0, 1]
[0, 1]
[1, 0]
[0, 1]
[1, 0]
Connection 262:
[0, 1]
[1, 0]
[0, 1]
[0, 1]
[0, 1]
[0, 1]
[0, 1]
[1, 0]
[1, 0]
[0, 1]
Connection 263:
[0, 1]
[1, 0]
[0, 1]
[0, 1]
[0, 1]
[0, 1]
[0, 1]
[1, 0]
[1, 0]
[1, 0]
Connection 264:
[0, 1]
[1, 0]
[0, 1]
[0, 1]
[0, 1]
[0, 1]
[1, 0]
[0, 1]
[0, 1]
[0, 1]
Connection 265:
[0, 1]
[1, 0]
[0, 1]
[0, 1]
[0, 1]
[0, 1]
[1, 0]
[0, 1]
[0, 1]
[1, 0]
Connection 266:
[0, 1]
[1, 0]
[0, 1]
[0, 1]
[0, 1]
[0, 1]
[1, 0]
[0, 1]
[1, 0]
[0, 1]
Connection 267:
[0, 1]
[1, 0]
[0, 1]
[0, 1]
[0, 1]
[0, 1]
[1, 0]
[0, 1]
[1, 0]
[1, 0]
Connection 268:
[0, 1]
[1, 0]
[0, 1]
[0, 1]
[0, 1]
[0, 1]
[1, 0]
[1, 0]
[0, 1]
[0, 1]
Connection 269:
[0, 1]
[1, 0]
[0, 1]
[0, 1]
[0, 1]
[0, 1]
[1, 0]
[1, 0]
[0, 1]
[1, 0]
Connection 270:
[0, 1]
[1, 0]
[0, 1]
[0, 1]
[0, 1]
[0, 1]
[1, 0]
[1, 0]
[1, 0]
[0, 1]
Connection 271:
[0, 1]
[1, 0]
[0, 1]
[0, 1]
[0, 1]
[0, 1]
[1, 0]
[1, 0]
[1, 0]
[1, 0]
Connection 272:
[0, 1]
[1, 0]
[0, 1]
[0, 1]
[0, 1]
[1, 0]
[0, 1]
[0, 1]
[0, 1]
[0, 1]
Connection 273:
[0, 1]
[1, 0]
[0, 1]
[0, 1]
[0, 1]
[1, 0]
[0, 1]
[0, 1]
[0, 1]
[1, 0]
Connection 274:
[0, 1]
[1, 0]
[0, 1]
[0, 1]
[0, 1]
[1, 0]
[0, 1]
[0, 1]
[1, 0]
[0, 1]
Connection 275:
[0, 1]
[1, 0]
[0, 1]
[0, 1]
[0, 1]
[1, 0]
[0, 1]
[0, 1]
[1, 0]
[1, 0]
Connection 276:
[0, 1]
[1, 0]
[0, 1]
[0, 1]
[0, 1]
[1, 0]
[0, 1]
[1, 0]
[0, 1]
[0, 1]
Connection 277:
[0, 1]
[1, 0]
[0, 1]
[0, 1]
[0, 1]
[1, 0]
[0, 1]
[1, 0]
[0, 1]
[1, 0]
Connection 278:
[0, 1]
[1, 0]
[0, 1]
[0, 1]
[0, 1]
[1, 0]
[0, 1]
[1, 0]
[1, 0]
[0, 1]
Connection 279:
[0, 1]
[1, 0]
[0, 1]
[0, 1]
[0, 1]
[1, 0]
[0, 1]
[1, 0]
[1, 0]
[1, 0]
Connection 280:
[0, 1]
[1, 0]
[0, 1]
[0, 1]
[0, 1]
[1, 0]
[1, 0]
[0, 1]
[0, 1]
[0, 1]
Connection 281:
[0, 1]
[1, 0]
[0, 1]
[0, 1]
[0, 1]
[1, 0]
[1, 0]
[0, 1]
[0, 1]
[1, 0]
Connection 282:
[0, 1]
[1, 0]
[0, 1]
[0, 1]
[0, 1]
[1, 0]
[1, 0]
[0, 1]
[1, 0]
[0, 1]
Connection 283:
[0, 1]
[1, 0]
[0, 1]
[0, 1]
[0, 1]
[1, 0]
[1, 0]
[0, 1]
[1, 0]
[1, 0]
Connection 284:
[0, 1]
[1, 0]
[0, 1]
[0, 1]
[0, 1]
[1, 0]
[1, 0]
[1, 0]
[0, 1]
[0, 1]
Connection 285:
[0, 1]
[1, 0]
[0, 1]
[0, 1]
[0, 1]
[1, 0]
[1, 0]
[1, 0]
[0, 1]
[1, 0]
Connection 286:
[0, 1]
[1, 0]
[0, 1]
[0, 1]
[0, 1]
[1, 0]
[1, 0]
[1, 0]
[1, 0]
[0, 1]
Connection 287:
[0, 1]
[1, 0]
[0, 1]
[0, 1]
[0, 1]
[1, 0]
[1, 0]
[1, 0]
[1, 0]
[1, 0]
Connection 288:
[0, 1]
[1, 0]
[0, 1]
[0, 1]
[1, 0]
[0, 1]
[0, 1]
[0, 1]
[0, 1]
[0, 1]
Connection 289:
[0, 1]
[1, 0]
[0, 1]
[0, 1]
[1, 0]
[0, 1]
[0, 1]
[0, 1]
[0, 1]
[1, 0]
Connection 290:
[0, 1]
[1, 0]
[0, 1]
[0, 1]
[1, 0]
[0, 1]
[0, 1]
[0, 1]
[1, 0]
[0, 1]
Connection 291:
[0, 1]
[1, 0]
[0, 1]
[0, 1]
[1, 0]
[0, 1]
[0, 1]
[0, 1]
[1, 0]
[1, 0]
Connection 292:
[0, 1]
[1, 0]
[0, 1]
[0, 1]
[1, 0]
[0, 1]
[0, 1]
[1, 0]
[0, 1]
[0, 1]
Connection 293:
[0, 1]
[1, 0]
[0, 1]
[0, 1]
[1, 0]
[0, 1]
[0, 1]
[1, 0]
[0, 1]
[1, 0]
Connection 294:
[0, 1]
[1, 0]
[0, 1]
[0, 1]
[1, 0]
[0, 1]
[0, 1]
[1, 0]
[1, 0]
[0, 1]
Connection 295:
[0, 1]
[1, 0]
[0, 1]
[0, 1]
[1, 0]
[0, 1]
[0, 1]
[1, 0]
[1, 0]
[1, 0]
Connection 296:
[0, 1]
[1, 0]
[0, 1]
[0, 1]
[1, 0]
[0, 1]
[1, 0]
[0, 1]
[0, 1]
[0, 1]
Connection 297:
[0, 1]
[1, 0]
[0, 1]
[0, 1]
[1, 0]
[0, 1]
[1, 0]
[0, 1]
[0, 1]
[1, 0]
Connection 298:
[0, 1]
[1, 0]
[0, 1]
[0, 1]
[1, 0]
[0, 1]
[1, 0]
[0, 1]
[1, 0]
[0, 1]
Connection 299:
[0, 1]
[1, 0]
[0, 1]
[0, 1]
[1, 0]
[0, 1]
[1, 0]
[0, 1]
[1, 0]
[1, 0]
Connection 300:
[0, 1]
[1, 0]
[0, 1]
[0, 1]
[1, 0]
[0, 1]
[1, 0]
[1, 0]
[0, 1]
[0, 1]
Connection 301:
[0, 1]
[1, 0]
[0, 1]
[0, 1]
[1, 0]
[0, 1]
[1, 0]
[1, 0]
[0, 1]
[1, 0]
Connection 302:
[0, 1]
[1, 0]
[0, 1]
[0, 1]
[1, 0]
[0, 1]
[1, 0]
[1, 0]
[1, 0]
[0, 1]
Connection 303:
[0, 1]
[1, 0]
[0, 1]
[0, 1]
[1, 0]
[0, 1]
[1, 0]
[1, 0]
[1, 0]
[1, 0]
Connection 304:
[0, 1]
[1, 0]
[0, 1]
[0, 1]
[1, 0]
[1, 0]
[0, 1]
[0, 1]
[0, 1]
[0, 1]
Connection 305:
[0, 1]
[1, 0]
[0, 1]
[0, 1]
[1, 0]
[1, 0]
[0, 1]
[0, 1]
[0, 1]
[1, 0]
Connection 306:
[0, 1]
[1, 0]
[0, 1]
[0, 1]
[1, 0]
[1, 0]
[0, 1]
[0, 1]
[1, 0]
[0, 1]
Connection 307:
[0, 1]
[1, 0]
[0, 1]
[0, 1]
[1, 0]
[1, 0]
[0, 1]
[0, 1]
[1, 0]
[1, 0]
Connection 308:
[0, 1]
[1, 0]
[0, 1]
[0, 1]
[1, 0]
[1, 0]
[0, 1]
[1, 0]
[0, 1]
[0, 1]
Connection 309:
[0, 1]
[1, 0]
[0, 1]
[0, 1]
[1, 0]
[1, 0]
[0, 1]
[1, 0]
[0, 1]
[1, 0]
Connection 310:
[0, 1]
[1, 0]
[0, 1]
[0, 1]
[1, 0]
[1, 0]
[0, 1]
[1, 0]
[1, 0]
[0, 1]
Connection 311:
[0, 1]
[1, 0]
[0, 1]
[0, 1]
[1, 0]
[1, 0]
[0, 1]
[1, 0]
[1, 0]
[1, 0]
Connection 312:
[0, 1]
[1, 0]
[0, 1]
[0, 1]
[1, 0]
[1, 0]
[1, 0]
[0, 1]
[0, 1]
[0, 1]
Connection 313:
[0, 1]
[1, 0]
[0, 1]
[0, 1]
[1, 0]
[1, 0]
[1, 0]
[0, 1]
[0, 1]
[1, 0]
Connection 314:
[0, 1]
[1, 0]
[0, 1]
[0, 1]
[1, 0]
[1, 0]
[1, 0]
[0, 1]
[1, 0]
[0, 1]
Connection 315:
[0, 1]
[1, 0]
[0, 1]
[0, 1]
[1, 0]
[1, 0]
[1, 0]
[0, 1]
[1, 0]
[1, 0]
Connection 316:
[0, 1]
[1, 0]
[0, 1]
[0, 1]
[1, 0]
[1, 0]
[1, 0]
[1, 0]
[0, 1]
[0, 1]
Connection 317:
[0, 1]
[1, 0]
[0, 1]
[0, 1]
[1, 0]
[1, 0]
[1, 0]
[1, 0]
[0, 1]
[1, 0]
Connection 318:
[0, 1]
[1, 0]
[0, 1]
[0, 1]
[1, 0]
[1, 0]
[1, 0]
[1, 0]
[1, 0]
[0, 1]
Connection 319:
[0, 1]
[1, 0]
[0, 1]
[0, 1]
[1, 0]
[1, 0]
[1, 0]
[1, 0]
[1, 0]
[1, 0]
Connection 320:
[0, 1]
[1, 0]
[0, 1]
[1, 0]
[0, 1]
[0, 1]
[0, 1]
[0, 1]
[0, 1]
[0, 1]
Connection 321:
[0, 1]
[1, 0]
[0, 1]
[1, 0]
[0, 1]
[0, 1]
[0, 1]
[0, 1]
[0, 1]
[1, 0]
Connection 322:
[0, 1]
[1, 0]
[0, 1]
[1, 0]
[0, 1]
[0, 1]
[0, 1]
[0, 1]
[1, 0]
[0, 1]
Connection 323:
[0, 1]
[1, 0]
[0, 1]
[1, 0]
[0, 1]
[0, 1]
[0, 1]
[0, 1]
[1, 0]
[1, 0]
Connection 324:
[0, 1]
[1, 0]
[0, 1]
[1, 0]
[0, 1]
[0, 1]
[0, 1]
[1, 0]
[0, 1]
[0, 1]
Connection 325:
[0, 1]
[1, 0]
[0, 1]
[1, 0]
[0, 1]
[0, 1]
[0, 1]
[1, 0]
[0, 1]
[1, 0]
Connection 326:
[0, 1]
[1, 0]
[0, 1]
[1, 0]
[0, 1]
[0, 1]
[0, 1]
[1, 0]
[1, 0]
[0, 1]
Connection 327:
[0, 1]
[1, 0]
[0, 1]
[1, 0]
[0, 1]
[0, 1]
[0, 1]
[1, 0]
[1, 0]
[1, 0]
Connection 328:
[0, 1]
[1, 0]
[0, 1]
[1, 0]
[0, 1]
[0, 1]
[1, 0]
[0, 1]
[0, 1]
[0, 1]
Connection 329:
[0, 1]
[1, 0]
[0, 1]
[1, 0]
[0, 1]
[0, 1]
[1, 0]
[0, 1]
[0, 1]
[1, 0]
Connection 330:
[0, 1]
[1, 0]
[0, 1]
[1, 0]
[0, 1]
[0, 1]
[1, 0]
[0, 1]
[1, 0]
[0, 1]
Connection 331:
[0, 1]
[1, 0]
[0, 1]
[1, 0]
[0, 1]
[0, 1]
[1, 0]
[0, 1]
[1, 0]
[1, 0]
Connection 332:
[0, 1]
[1, 0]
[0, 1]
[1, 0]
[0, 1]
[0, 1]
[1, 0]
[1, 0]
[0, 1]
[0, 1]
Connection 333:
[0, 1]
[1, 0]
[0, 1]
[1, 0]
[0, 1]
[0, 1]
[1, 0]
[1, 0]
[0, 1]
[1, 0]
Connection 334:
[0, 1]
[1, 0]
[0, 1]
[1, 0]
[0, 1]
[0, 1]
[1, 0]
[1, 0]
[1, 0]
[0, 1]
Connection 335:
[0, 1]
[1, 0]
[0, 1]
[1, 0]
[0, 1]
[0, 1]
[1, 0]
[1, 0]
[1, 0]
[1, 0]
Connection 336:
[0, 1]
[1, 0]
[0, 1]
[1, 0]
[0, 1]
[1, 0]
[0, 1]
[0, 1]
[0, 1]
[0, 1]
Connection 337:
[0, 1]
[1, 0]
[0, 1]
[1, 0]
[0, 1]
[1, 0]
[0, 1]
[0, 1]
[0, 1]
[1, 0]
Connection 338:
[0, 1]
[1, 0]
[0, 1]
[1, 0]
[0, 1]
[1, 0]
[0, 1]
[0, 1]
[1, 0]
[0, 1]
Connection 339:
[0, 1]
[1, 0]
[0, 1]
[1, 0]
[0, 1]
[1, 0]
[0, 1]
[0, 1]
[1, 0]
[1, 0]
Connection 340:
[0, 1]
[1, 0]
[0, 1]
[1, 0]
[0, 1]
[1, 0]
[0, 1]
[1, 0]
[0, 1]
[0, 1]
Connection 341:
[0, 1]
[1, 0]
[0, 1]
[1, 0]
[0, 1]
[1, 0]
[0, 1]
[1, 0]
[0, 1]
[1, 0]
Connection 342:
[0, 1]
[1, 0]
[0, 1]
[1, 0]
[0, 1]
[1, 0]
[0, 1]
[1, 0]
[1, 0]
[0, 1]
Connection 343:
[0, 1]
[1, 0]
[0, 1]
[1, 0]
[0, 1]
[1, 0]
[0, 1]
[1, 0]
[1, 0]
[1, 0]
Connection 344:
[0, 1]
[1, 0]
[0, 1]
[1, 0]
[0, 1]
[1, 0]
[1, 0]
[0, 1]
[0, 1]
[0, 1]
Connection 345:
[0, 1]
[1, 0]
[0, 1]
[1, 0]
[0, 1]
[1, 0]
[1, 0]
[0, 1]
[0, 1]
[1, 0]
Connection 346:
[0, 1]
[1, 0]
[0, 1]
[1, 0]
[0, 1]
[1, 0]
[1, 0]
[0, 1]
[1, 0]
[0, 1]
Connection 347:
[0, 1]
[1, 0]
[0, 1]
[1, 0]
[0, 1]
[1, 0]
[1, 0]
[0, 1]
[1, 0]
[1, 0]
Connection 348:
[0, 1]
[1, 0]
[0, 1]
[1, 0]
[0, 1]
[1, 0]
[1, 0]
[1, 0]
[0, 1]
[0, 1]
Connection 349:
[0, 1]
[1, 0]
[0, 1]
[1, 0]
[0, 1]
[1, 0]
[1, 0]
[1, 0]
[0, 1]
[1, 0]
Connection 350:
[0, 1]
[1, 0]
[0, 1]
[1, 0]
[0, 1]
[1, 0]
[1, 0]
[1, 0]
[1, 0]
[0, 1]
Connection 351:
[0, 1]
[1, 0]
[0, 1]
[1, 0]
[0, 1]
[1, 0]
[1, 0]
[1, 0]
[1, 0]
[1, 0]
Connection 352:
[0, 1]
[1, 0]
[0, 1]
[1, 0]
[1, 0]
[0, 1]
[0, 1]
[0, 1]
[0, 1]
[0, 1]
Connection 353:
[0, 1]
[1, 0]
[0, 1]
[1, 0]
[1, 0]
[0, 1]
[0, 1]
[0, 1]
[0, 1]
[1, 0]
Connection 354:
[0, 1]
[1, 0]
[0, 1]
[1, 0]
[1, 0]
[0, 1]
[0, 1]
[0, 1]
[1, 0]
[0, 1]
Connection 355:
[0, 1]
[1, 0]
[0, 1]
[1, 0]
[1, 0]
[0, 1]
[0, 1]
[0, 1]
[1, 0]
[1, 0]
Connection 356:
[0, 1]
[1, 0]
[0, 1]
[1, 0]
[1, 0]
[0, 1]
[0, 1]
[1, 0]
[0, 1]
[0, 1]
Connection 357:
[0, 1]
[1, 0]
[0, 1]
[1, 0]
[1, 0]
[0, 1]
[0, 1]
[1, 0]
[0, 1]
[1, 0]
Connection 358:
[0, 1]
[1, 0]
[0, 1]
[1, 0]
[1, 0]
[0, 1]
[0, 1]
[1, 0]
[1, 0]
[0, 1]
Connection 359:
[0, 1]
[1, 0]
[0, 1]
[1, 0]
[1, 0]
[0, 1]
[0, 1]
[1, 0]
[1, 0]
[1, 0]
Connection 360:
[0, 1]
[1, 0]
[0, 1]
[1, 0]
[1, 0]
[0, 1]
[1, 0]
[0, 1]
[0, 1]
[0, 1]
Connection 361:
[0, 1]
[1, 0]
[0, 1]
[1, 0]
[1, 0]
[0, 1]
[1, 0]
[0, 1]
[0, 1]
[1, 0]
Connection 362:
[0, 1]
[1, 0]
[0, 1]
[1, 0]
[1, 0]
[0, 1]
[1, 0]
[0, 1]
[1, 0]
[0, 1]
Connection 363:
[0, 1]
[1, 0]
[0, 1]
[1, 0]
[1, 0]
[0, 1]
[1, 0]
[0, 1]
[1, 0]
[1, 0]
Connection 364:
[0, 1]
[1, 0]
[0, 1]
[1, 0]
[1, 0]
[0, 1]
[1, 0]
[1, 0]
[0, 1]
[0, 1]
Connection 365:
[0, 1]
[1, 0]
[0, 1]
[1, 0]
[1, 0]
[0, 1]
[1, 0]
[1, 0]
[0, 1]
[1, 0]
Connection 366:
[0, 1]
[1, 0]
[0, 1]
[1, 0]
[1, 0]
[0, 1]
[1, 0]
[1, 0]
[1, 0]
[0, 1]
Connection 367:
[0, 1]
[1, 0]
[0, 1]
[1, 0]
[1, 0]
[0, 1]
[1, 0]
[1, 0]
[1, 0]
[1, 0]
Connection 368:
[0, 1]
[1, 0]
[0, 1]
[1, 0]
[1, 0]
[1, 0]
[0, 1]
[0, 1]
[0, 1]
[0, 1]
Connection 369:
[0, 1]
[1, 0]
[0, 1]
[1, 0]
[1, 0]
[1, 0]
[0, 1]
[0, 1]
[0, 1]
[1, 0]
Connection 370:
[0, 1]
[1, 0]
[0, 1]
[1, 0]
[1, 0]
[1, 0]
[0, 1]
[0, 1]
[1, 0]
[0, 1]
Connection 371:
[0, 1]
[1, 0]
[0, 1]
[1, 0]
[1, 0]
[1, 0]
[0, 1]
[0, 1]
[1, 0]
[1, 0]
Connection 372:
[0, 1]
[1, 0]
[0, 1]
[1, 0]
[1, 0]
[1, 0]
[0, 1]
[1, 0]
[0, 1]
[0, 1]
Connection 373:
[0, 1]
[1, 0]
[0, 1]
[1, 0]
[1, 0]
[1, 0]
[0, 1]
[1, 0]
[0, 1]
[1, 0]
Connection 374:
[0, 1]
[1, 0]
[0, 1]
[1, 0]
[1, 0]
[1, 0]
[0, 1]
[1, 0]
[1, 0]
[0, 1]
Connection 375:
[0, 1]
[1, 0]
[0, 1]
[1, 0]
[1, 0]
[1, 0]
[0, 1]
[1, 0]
[1, 0]
[1, 0]
Connection 376:
[0, 1]
[1, 0]
[0, 1]
[1, 0]
[1, 0]
[1, 0]
[1, 0]
[0, 1]
[0, 1]
[0, 1]
Connection 377:
[0, 1]
[1, 0]
[0, 1]
[1, 0]
[1, 0]
[1, 0]
[1, 0]
[0, 1]
[0, 1]
[1, 0]
Connection 378:
[0, 1]
[1, 0]
[0, 1]
[1, 0]
[1, 0]
[1, 0]
[1, 0]
[0, 1]
[1, 0]
[0, 1]
Connection 379:
[0, 1]
[1, 0]
[0, 1]
[1, 0]
[1, 0]
[1, 0]
[1, 0]
[0, 1]
[1, 0]
[1, 0]
Connection 380:
[0, 1]
[1, 0]
[0, 1]
[1, 0]
[1, 0]
[1, 0]
[1, 0]
[1, 0]
[0, 1]
[0, 1]
Connection 381:
[0, 1]
[1, 0]
[0, 1]
[1, 0]
[1, 0]
[1, 0]
[1, 0]
[1, 0]
[0, 1]
[1, 0]
Connection 382:
[0, 1]
[1, 0]
[0, 1]
[1, 0]
[1, 0]
[1, 0]
[1, 0]
[1, 0]
[1, 0]
[0, 1]
Connection 383:
[0, 1]
[1, 0]
[0, 1]
[1, 0]
[1, 0]
[1, 0]
[1, 0]
[1, 0]
[1, 0]
[1, 0]
Connection 384:
[0, 1]
[1, 0]
[1, 0]
[0, 1]
[0, 1]
[0, 1]
[0, 1]
[0, 1]
[0, 1]
[0, 1]
Connection 385:
[0, 1]
[1, 0]
[1, 0]
[0, 1]
[0, 1]
[0, 1]
[0, 1]
[0, 1]
[0, 1]
[1, 0]
Connection 386:
[0, 1]
[1, 0]
[1, 0]
[0, 1]
[0, 1]
[0, 1]
[0, 1]
[0, 1]
[1, 0]
[0, 1]
Connection 387:
[0, 1]
[1, 0]
[1, 0]
[0, 1]
[0, 1]
[0, 1]
[0, 1]
[0, 1]
[1, 0]
[1, 0]
Connection 388:
[0, 1]
[1, 0]
[1, 0]
[0, 1]
[0, 1]
[0, 1]
[0, 1]
[1, 0]
[0, 1]
[0, 1]
Connection 389:
[0, 1]
[1, 0]
[1, 0]
[0, 1]
[0, 1]
[0, 1]
[0, 1]
[1, 0]
[0, 1]
[1, 0]
Connection 390:
[0, 1]
[1, 0]
[1, 0]
[0, 1]
[0, 1]
[0, 1]
[0, 1]
[1, 0]
[1, 0]
[0, 1]
Connection 391:
[0, 1]
[1, 0]
[1, 0]
[0, 1]
[0, 1]
[0, 1]
[0, 1]
[1, 0]
[1, 0]
[1, 0]
Connection 392:
[0, 1]
[1, 0]
[1, 0]
[0, 1]
[0, 1]
[0, 1]
[1, 0]
[0, 1]
[0, 1]
[0, 1]
Connection 393:
[0, 1]
[1, 0]
[1, 0]
[0, 1]
[0, 1]
[0, 1]
[1, 0]
[0, 1]
[0, 1]
[1, 0]
Connection 394:
[0, 1]
[1, 0]
[1, 0]
[0, 1]
[0, 1]
[0, 1]
[1, 0]
[0, 1]
[1, 0]
[0, 1]
Connection 395:
[0, 1]
[1, 0]
[1, 0]
[0, 1]
[0, 1]
[0, 1]
[1, 0]
[0, 1]
[1, 0]
[1, 0]
Connection 396:
[0, 1]
[1, 0]
[1, 0]
[0, 1]
[0, 1]
[0, 1]
[1, 0]
[1, 0]
[0, 1]
[0, 1]
Connection 397:
[0, 1]
[1, 0]
[1, 0]
[0, 1]
[0, 1]
[0, 1]
[1, 0]
[1, 0]
[0, 1]
[1, 0]
Connection 398:
[0, 1]
[1, 0]
[1, 0]
[0, 1]
[0, 1]
[0, 1]
[1, 0]
[1, 0]
[1, 0]
[0, 1]
Connection 399:
[0, 1]
[1, 0]
[1, 0]
[0, 1]
[0, 1]
[0, 1]
[1, 0]
[1, 0]
[1, 0]
[1, 0]
Connection 400:
[0, 1]
[1, 0]
[1, 0]
[0, 1]
[0, 1]
[1, 0]
[0, 1]
[0, 1]
[0, 1]
[0, 1]
Connection 401:
[0, 1]
[1, 0]
[1, 0]
[0, 1]
[0, 1]
[1, 0]
[0, 1]
[0, 1]
[0, 1]
[1, 0]
Connection 402:
[0, 1]
[1, 0]
[1, 0]
[0, 1]
[0, 1]
[1, 0]
[0, 1]
[0, 1]
[1, 0]
[0, 1]
Connection 403:
[0, 1]
[1, 0]
[1, 0]
[0, 1]
[0, 1]
[1, 0]
[0, 1]
[0, 1]
[1, 0]
[1, 0]
Connection 404:
[0, 1]
[1, 0]
[1, 0]
[0, 1]
[0, 1]
[1, 0]
[0, 1]
[1, 0]
[0, 1]
[0, 1]
Connection 405:
[0, 1]
[1, 0]
[1, 0]
[0, 1]
[0, 1]
[1, 0]
[0, 1]
[1, 0]
[0, 1]
[1, 0]
Connection 406:
[0, 1]
[1, 0]
[1, 0]
[0, 1]
[0, 1]
[1, 0]
[0, 1]
[1, 0]
[1, 0]
[0, 1]
Connection 407:
[0, 1]
[1, 0]
[1, 0]
[0, 1]
[0, 1]
[1, 0]
[0, 1]
[1, 0]
[1, 0]
[1, 0]
Connection 408:
[0, 1]
[1, 0]
[1, 0]
[0, 1]
[0, 1]
[1, 0]
[1, 0]
[0, 1]
[0, 1]
[0, 1]
Connection 409:
[0, 1]
[1, 0]
[1, 0]
[0, 1]
[0, 1]
[1, 0]
[1, 0]
[0, 1]
[0, 1]
[1, 0]
Connection 410:
[0, 1]
[1, 0]
[1, 0]
[0, 1]
[0, 1]
[1, 0]
[1, 0]
[0, 1]
[1, 0]
[0, 1]
Connection 411:
[0, 1]
[1, 0]
[1, 0]
[0, 1]
[0, 1]
[1, 0]
[1, 0]
[0, 1]
[1, 0]
[1, 0]
Connection 412:
[0, 1]
[1, 0]
[1, 0]
[0, 1]
[0, 1]
[1, 0]
[1, 0]
[1, 0]
[0, 1]
[0, 1]
Connection 413:
[0, 1]
[1, 0]
[1, 0]
[0, 1]
[0, 1]
[1, 0]
[1, 0]
[1, 0]
[0, 1]
[1, 0]
Connection 414:
[0, 1]
[1, 0]
[1, 0]
[0, 1]
[0, 1]
[1, 0]
[1, 0]
[1, 0]
[1, 0]
[0, 1]
Connection 415:
[0, 1]
[1, 0]
[1, 0]
[0, 1]
[0, 1]
[1, 0]
[1, 0]
[1, 0]
[1, 0]
[1, 0]
Connection 416:
[0, 1]
[1, 0]
[1, 0]
[0, 1]
[1, 0]
[0, 1]
[0, 1]
[0, 1]
[0, 1]
[0, 1]
Connection 417:
[0, 1]
[1, 0]
[1, 0]
[0, 1]
[1, 0]
[0, 1]
[0, 1]
[0, 1]
[0, 1]
[1, 0]
Connection 418:
[0, 1]
[1, 0]
[1, 0]
[0, 1]
[1, 0]
[0, 1]
[0, 1]
[0, 1]
[1, 0]
[0, 1]
Connection 419:
[0, 1]
[1, 0]
[1, 0]
[0, 1]
[1, 0]
[0, 1]
[0, 1]
[0, 1]
[1, 0]
[1, 0]
Connection 420:
[0, 1]
[1, 0]
[1, 0]
[0, 1]
[1, 0]
[0, 1]
[0, 1]
[1, 0]
[0, 1]
[0, 1]
Connection 421:
[0, 1]
[1, 0]
[1, 0]
[0, 1]
[1, 0]
[0, 1]
[0, 1]
[1, 0]
[0, 1]
[1, 0]
Connection 422:
[0, 1]
[1, 0]
[1, 0]
[0, 1]
[1, 0]
[0, 1]
[0, 1]
[1, 0]
[1, 0]
[0, 1]
Connection 423:
[0, 1]
[1, 0]
[1, 0]
[0, 1]
[1, 0]
[0, 1]
[0, 1]
[1, 0]
[1, 0]
[1, 0]
Connection 424:
[0, 1]
[1, 0]
[1, 0]
[0, 1]
[1, 0]
[0, 1]
[1, 0]
[0, 1]
[0, 1]
[0, 1]
Connection 425:
[0, 1]
[1, 0]
[1, 0]
[0, 1]
[1, 0]
[0, 1]
[1, 0]
[0, 1]
[0, 1]
[1, 0]
Connection 426:
[0, 1]
[1, 0]
[1, 0]
[0, 1]
[1, 0]
[0, 1]
[1, 0]
[0, 1]
[1, 0]
[0, 1]
Connection 427:
[0, 1]
[1, 0]
[1, 0]
[0, 1]
[1, 0]
[0, 1]
[1, 0]
[0, 1]
[1, 0]
[1, 0]
Connection 428:
[0, 1]
[1, 0]
[1, 0]
[0, 1]
[1, 0]
[0, 1]
[1, 0]
[1, 0]
[0, 1]
[0, 1]
Connection 429:
[0, 1]
[1, 0]
[1, 0]
[0, 1]
[1, 0]
[0, 1]
[1, 0]
[1, 0]
[0, 1]
[1, 0]
Connection 430:
[0, 1]
[1, 0]
[1, 0]
[0, 1]
[1, 0]
[0, 1]
[1, 0]
[1, 0]
[1, 0]
[0, 1]
Connection 431:
[0, 1]
[1, 0]
[1, 0]
[0, 1]
[1, 0]
[0, 1]
[1, 0]
[1, 0]
[1, 0]
[1, 0]
Connection 432:
[0, 1]
[1, 0]
[1, 0]
[0, 1]
[1, 0]
[1, 0]
[0, 1]
[0, 1]
[0, 1]
[0, 1]
Connection 433:
[0, 1]
[1, 0]
[1, 0]
[0, 1]
[1, 0]
[1, 0]
[0, 1]
[0, 1]
[0, 1]
[1, 0]
Connection 434:
[0, 1]
[1, 0]
[1, 0]
[0, 1]
[1, 0]
[1, 0]
[0, 1]
[0, 1]
[1, 0]
[0, 1]
Connection 435:
[0, 1]
[1, 0]
[1, 0]
[0, 1]
[1, 0]
[1, 0]
[0, 1]
[0, 1]
[1, 0]
[1, 0]
Connection 436:
[0, 1]
[1, 0]
[1, 0]
[0, 1]
[1, 0]
[1, 0]
[0, 1]
[1, 0]
[0, 1]
[0, 1]
Connection 437:
[0, 1]
[1, 0]
[1, 0]
[0, 1]
[1, 0]
[1, 0]
[0, 1]
[1, 0]
[0, 1]
[1, 0]
Connection 438:
[0, 1]
[1, 0]
[1, 0]
[0, 1]
[1, 0]
[1, 0]
[0, 1]
[1, 0]
[1, 0]
[0, 1]
Connection 439:
[0, 1]
[1, 0]
[1, 0]
[0, 1]
[1, 0]
[1, 0]
[0, 1]
[1, 0]
[1, 0]
[1, 0]
Connection 440:
[0, 1]
[1, 0]
[1, 0]
[0, 1]
[1, 0]
[1, 0]
[1, 0]
[0, 1]
[0, 1]
[0, 1]
Connection 441:
[0, 1]
[1, 0]
[1, 0]
[0, 1]
[1, 0]
[1, 0]
[1, 0]
[0, 1]
[0, 1]
[1, 0]
Connection 442:
[0, 1]
[1, 0]
[1, 0]
[0, 1]
[1, 0]
[1, 0]
[1, 0]
[0, 1]
[1, 0]
[0, 1]
Connection 443:
[0, 1]
[1, 0]
[1, 0]
[0, 1]
[1, 0]
[1, 0]
[1, 0]
[0, 1]
[1, 0]
[1, 0]
Connection 444:
[0, 1]
[1, 0]
[1, 0]
[0, 1]
[1, 0]
[1, 0]
[1, 0]
[1, 0]
[0, 1]
[0, 1]
Connection 445:
[0, 1]
[1, 0]
[1, 0]
[0, 1]
[1, 0]
[1, 0]
[1, 0]
[1, 0]
[0, 1]
[1, 0]
Connection 446:
[0, 1]
[1, 0]
[1, 0]
[0, 1]
[1, 0]
[1, 0]
[1, 0]
[1, 0]
[1, 0]
[0, 1]
Connection 447:
[0, 1]
[1, 0]
[1, 0]
[0, 1]
[1, 0]
[1, 0]
[1, 0]
[1, 0]
[1, 0]
[1, 0]
Connection 448:
[0, 1]
[1, 0]
[1, 0]
[1, 0]
[0, 1]
[0, 1]
[0, 1]
[0, 1]
[0, 1]
[0, 1]
Connection 449:
[0, 1]
[1, 0]
[1, 0]
[1, 0]
[0, 1]
[0, 1]
[0, 1]
[0, 1]
[0, 1]
[1, 0]
Connection 450:
[0, 1]
[1, 0]
[1, 0]
[1, 0]
[0, 1]
[0, 1]
[0, 1]
[0, 1]
[1, 0]
[0, 1]
Connection 451:
[0, 1]
[1, 0]
[1, 0]
[1, 0]
[0, 1]
[0, 1]
[0, 1]
[0, 1]
[1, 0]
[1, 0]
Connection 452:
[0, 1]
[1, 0]
[1, 0]
[1, 0]
[0, 1]
[0, 1]
[0, 1]
[1, 0]
[0, 1]
[0, 1]
Connection 453:
[0, 1]
[1, 0]
[1, 0]
[1, 0]
[0, 1]
[0, 1]
[0, 1]
[1, 0]
[0, 1]
[1, 0]
Connection 454:
[0, 1]
[1, 0]
[1, 0]
[1, 0]
[0, 1]
[0, 1]
[0, 1]
[1, 0]
[1, 0]
[0, 1]
Connection 455:
[0, 1]
[1, 0]
[1, 0]
[1, 0]
[0, 1]
[0, 1]
[0, 1]
[1, 0]
[1, 0]
[1, 0]
Connection 456:
[0, 1]
[1, 0]
[1, 0]
[1, 0]
[0, 1]
[0, 1]
[1, 0]
[0, 1]
[0, 1]
[0, 1]
Connection 457:
[0, 1]
[1, 0]
[1, 0]
[1, 0]
[0, 1]
[0, 1]
[1, 0]
[0, 1]
[0, 1]
[1, 0]
Connection 458:
[0, 1]
[1, 0]
[1, 0]
[1, 0]
[0, 1]
[0, 1]
[1, 0]
[0, 1]
[1, 0]
[0, 1]
Connection 459:
[0, 1]
[1, 0]
[1, 0]
[1, 0]
[0, 1]
[0, 1]
[1, 0]
[0, 1]
[1, 0]
[1, 0]
Connection 460:
[0, 1]
[1, 0]
[1, 0]
[1, 0]
[0, 1]
[0, 1]
[1, 0]
[1, 0]
[0, 1]
[0, 1]
Connection 461:
[0, 1]
[1, 0]
[1, 0]
[1, 0]
[0, 1]
[0, 1]
[1, 0]
[1, 0]
[0, 1]
[1, 0]
Connection 462:
[0, 1]
[1, 0]
[1, 0]
[1, 0]
[0, 1]
[0, 1]
[1, 0]
[1, 0]
[1, 0]
[0, 1]
Connection 463:
[0, 1]
[1, 0]
[1, 0]
[1, 0]
[0, 1]
[0, 1]
[1, 0]
[1, 0]
[1, 0]
[1, 0]
Connection 464:
[0, 1]
[1, 0]
[1, 0]
[1, 0]
[0, 1]
[1, 0]
[0, 1]
[0, 1]
[0, 1]
[0, 1]
Connection 465:
[0, 1]
[1, 0]
[1, 0]
[1, 0]
[0, 1]
[1, 0]
[0, 1]
[0, 1]
[0, 1]
[1, 0]
Connection 466:
[0, 1]
[1, 0]
[1, 0]
[1, 0]
[0, 1]
[1, 0]
[0, 1]
[0, 1]
[1, 0]
[0, 1]
Connection 467:
[0, 1]
[1, 0]
[1, 0]
[1, 0]
[0, 1]
[1, 0]
[0, 1]
[0, 1]
[1, 0]
[1, 0]
Connection 468:
[0, 1]
[1, 0]
[1, 0]
[1, 0]
[0, 1]
[1, 0]
[0, 1]
[1, 0]
[0, 1]
[0, 1]
Connection 469:
[0, 1]
[1, 0]
[1, 0]
[1, 0]
[0, 1]
[1, 0]
[0, 1]
[1, 0]
[0, 1]
[1, 0]
Connection 470:
[0, 1]
[1, 0]
[1, 0]
[1, 0]
[0, 1]
[1, 0]
[0, 1]
[1, 0]
[1, 0]
[0, 1]
Connection 471:
[0, 1]
[1, 0]
[1, 0]
[1, 0]
[0, 1]
[1, 0]
[0, 1]
[1, 0]
[1, 0]
[1, 0]
Connection 472:
[0, 1]
[1, 0]
[1, 0]
[1, 0]
[0, 1]
[1, 0]
[1, 0]
[0, 1]
[0, 1]
[0, 1]
Connection 473:
[0, 1]
[1, 0]
[1, 0]
[1, 0]
[0, 1]
[1, 0]
[1, 0]
[0, 1]
[0, 1]
[1, 0]
Connection 474:
[0, 1]
[1, 0]
[1, 0]
[1, 0]
[0, 1]
[1, 0]
[1, 0]
[0, 1]
[1, 0]
[0, 1]
Connection 475:
[0, 1]
[1, 0]
[1, 0]
[1, 0]
[0, 1]
[1, 0]
[1, 0]
[0, 1]
[1, 0]
[1, 0]
Connection 476:
[0, 1]
[1, 0]
[1, 0]
[1, 0]
[0, 1]
[1, 0]
[1, 0]
[1, 0]
[0, 1]
[0, 1]
Connection 477:
[0, 1]
[1, 0]
[1, 0]
[1, 0]
[0, 1]
[1, 0]
[1, 0]
[1, 0]
[0, 1]
[1, 0]
Connection 478:
[0, 1]
[1, 0]
[1, 0]
[1, 0]
[0, 1]
[1, 0]
[1, 0]
[1, 0]
[1, 0]
[0, 1]
Connection 479:
[0, 1]
[1, 0]
[1, 0]
[1, 0]
[0, 1]
[1, 0]
[1, 0]
[1, 0]
[1, 0]
[1, 0]
Connection 480:
[0, 1]
[1, 0]
[1, 0]
[1, 0]
[1, 0]
[0, 1]
[0, 1]
[0, 1]
[0, 1]
[0, 1]
Connection 481:
[0, 1]
[1, 0]
[1, 0]
[1, 0]
[1, 0]
[0, 1]
[0, 1]
[0, 1]
[0, 1]
[1, 0]
Connection 482:
[0, 1]
[1, 0]
[1, 0]
[1, 0]
[1, 0]
[0, 1]
[0, 1]
[0, 1]
[1, 0]
[0, 1]
Connection 483:
[0, 1]
[1, 0]
[1, 0]
[1, 0]
[1, 0]
[0, 1]
[0, 1]
[0, 1]
[1, 0]
[1, 0]
Connection 484:
[0, 1]
[1, 0]
[1, 0]
[1, 0]
[1, 0]
[0, 1]
[0, 1]
[1, 0]
[0, 1]
[0, 1]
Connection 485:
[0, 1]
[1, 0]
[1, 0]
[1, 0]
[1, 0]
[0, 1]
[0, 1]
[1, 0]
[0, 1]
[1, 0]
Connection 486:
[0, 1]
[1, 0]
[1, 0]
[1, 0]
[1, 0]
[0, 1]
[0, 1]
[1, 0]
[1, 0]
[0, 1]
Connection 487:
[0, 1]
[1, 0]
[1, 0]
[1, 0]
[1, 0]
[0, 1]
[0, 1]
[1, 0]
[1, 0]
[1, 0]
Connection 488:
[0, 1]
[1, 0]
[1, 0]
[1, 0]
[1, 0]
[0, 1]
[1, 0]
[0, 1]
[0, 1]
[0, 1]
Connection 489:
[0, 1]
[1, 0]
[1, 0]
[1, 0]
[1, 0]
[0, 1]
[1, 0]
[0, 1]
[0, 1]
[1, 0]
Connection 490:
[0, 1]
[1, 0]
[1, 0]
[1, 0]
[1, 0]
[0, 1]
[1, 0]
[0, 1]
[1, 0]
[0, 1]
Connection 491:
[0, 1]
[1, 0]
[1, 0]
[1, 0]
[1, 0]
[0, 1]
[1, 0]
[0, 1]
[1, 0]
[1, 0]
Connection 492:
[0, 1]
[1, 0]
[1, 0]
[1, 0]
[1, 0]
[0, 1]
[1, 0]
[1, 0]
[0, 1]
[0, 1]
Connection 493:
[0, 1]
[1, 0]
[1, 0]
[1, 0]
[1, 0]
[0, 1]
[1, 0]
[1, 0]
[0, 1]
[1, 0]
Connection 494:
[0, 1]
[1, 0]
[1, 0]
[1, 0]
[1, 0]
[0, 1]
[1, 0]
[1, 0]
[1, 0]
[0, 1]
Connection 495:
[0, 1]
[1, 0]
[1, 0]
[1, 0]
[1, 0]
[0, 1]
[1, 0]
[1, 0]
[1, 0]
[1, 0]
Connection 496:
[0, 1]
[1, 0]
[1, 0]
[1, 0]
[1, 0]
[1, 0]
[0, 1]
[0, 1]
[0, 1]
[0, 1]
Connection 497:
[0, 1]
[1, 0]
[1, 0]
[1, 0]
[1, 0]
[1, 0]
[0, 1]
[0, 1]
[0, 1]
[1, 0]
Connection 498:
[0, 1]
[1, 0]
[1, 0]
[1, 0]
[1, 0]
[1, 0]
[0, 1]
[0, 1]
[1, 0]
[0, 1]
Connection 499:
[0, 1]
[1, 0]
[1, 0]
[1, 0]
[1, 0]
[1, 0]
[0, 1]
[0, 1]
[1, 0]
[1, 0]
Connection 500:
[0, 1]
[1, 0]
[1, 0]
[1, 0]
[1, 0]
[1, 0]
[0, 1]
[1, 0]
[0, 1]
[0, 1]
Connection 501:
[0, 1]
[1, 0]
[1, 0]
[1, 0]
[1, 0]
[1, 0]
[0, 1]
[1, 0]
[0, 1]
[1, 0]
Connection 502:
[0, 1]
[1, 0]
[1, 0]
[1, 0]
[1, 0]
[1, 0]
[0, 1]
[1, 0]
[1, 0]
[0, 1]
Connection 503:
[0, 1]
[1, 0]
[1, 0]
[1, 0]
[1, 0]
[1, 0]
[0, 1]
[1, 0]
[1, 0]
[1, 0]
Connection 504:
[0, 1]
[1, 0]
[1, 0]
[1, 0]
[1, 0]
[1, 0]
[1, 0]
[0, 1]
[0, 1]
[0, 1]
Connection 505:
[0, 1]
[1, 0]
[1, 0]
[1, 0]
[1, 0]
[1, 0]
[1, 0]
[0, 1]
[0, 1]
[1, 0]
Connection 506:
[0, 1]
[1, 0]
[1, 0]
[1, 0]
[1, 0]
[1, 0]
[1, 0]
[0, 1]
[1, 0]
[0, 1]
Connection 507:
[0, 1]
[1, 0]
[1, 0]
[1, 0]
[1, 0]
[1, 0]
[1, 0]
[0, 1]
[1, 0]
[1, 0]
Connection 508:
[0, 1]
[1, 0]
[1, 0]
[1, 0]
[1, 0]
[1, 0]
[1, 0]
[1, 0]
[0, 1]
[0, 1]
Connection 509:
[0, 1]
[1, 0]
[1, 0]
[1, 0]
[1, 0]
[1, 0]
[1, 0]
[1, 0]
[0, 1]
[1, 0]
Connection 510:
[0, 1]
[1, 0]
[1, 0]
[1, 0]
[1, 0]
[1, 0]
[1, 0]
[1, 0]
[1, 0]
[0, 1]
Connection 511:
[0, 1]
[1, 0]
[1, 0]
[1, 0]
[1, 0]
[1, 0]
[1, 0]
[1, 0]
[1, 0]
[1, 0]
Connection 512:
[1, 0]
[0, 1]
[0, 1]
[0, 1]
[0, 1]
[0, 1]
[0, 1]
[0, 1]
[0, 1]
[0, 1]
Connection 513:
[1, 0]
[0, 1]
[0, 1]
[0, 1]
[0, 1]
[0, 1]
[0, 1]
[0, 1]
[0, 1]
[1, 0]
Connection 514:
[1, 0]
[0, 1]
[0, 1]
[0, 1]
[0, 1]
[0, 1]
[0, 1]
[0, 1]
[1, 0]
[0, 1]
Connection 515:
[1, 0]
[0, 1]
[0, 1]
[0, 1]
[0, 1]
[0, 1]
[0, 1]
[0, 1]
[1, 0]
[1, 0]
Connection 516:
[1, 0]
[0, 1]
[0, 1]
[0, 1]
[0, 1]
[0, 1]
[0, 1]
[1, 0]
[0, 1]
[0, 1]
Connection 517:
[1, 0]
[0, 1]
[0, 1]
[0, 1]
[0, 1]
[0, 1]
[0, 1]
[1, 0]
[0, 1]
[1, 0]
Connection 518:
[1, 0]
[0, 1]
[0, 1]
[0, 1]
[0, 1]
[0, 1]
[0, 1]
[1, 0]
[1, 0]
[0, 1]
Connection 519:
[1, 0]
[0, 1]
[0, 1]
[0, 1]
[0, 1]
[0, 1]
[0, 1]
[1, 0]
[1, 0]
[1, 0]
Connection 520:
[1, 0]
[0, 1]
[0, 1]
[0, 1]
[0, 1]
[0, 1]
[1, 0]
[0, 1]
[0, 1]
[0, 1]
Connection 521:
[1, 0]
[0, 1]
[0, 1]
[0, 1]
[0, 1]
[0, 1]
[1, 0]
[0, 1]
[0, 1]
[1, 0]
Connection 522:
[1, 0]
[0, 1]
[0, 1]
[0, 1]
[0, 1]
[0, 1]
[1, 0]
[0, 1]
[1, 0]
[0, 1]
Connection 523:
[1, 0]
[0, 1]
[0, 1]
[0, 1]
[0, 1]
[0, 1]
[1, 0]
[0, 1]
[1, 0]
[1, 0]
Connection 524:
[1, 0]
[0, 1]
[0, 1]
[0, 1]
[0, 1]
[0, 1]
[1, 0]
[1, 0]
[0, 1]
[0, 1]
Connection 525:
[1, 0]
[0, 1]
[0, 1]
[0, 1]
[0, 1]
[0, 1]
[1, 0]
[1, 0]
[0, 1]
[1, 0]
Connection 526:
[1, 0]
[0, 1]
[0, 1]
[0, 1]
[0, 1]
[0, 1]
[1, 0]
[1, 0]
[1, 0]
[0, 1]
Connection 527:
[1, 0]
[0, 1]
[0, 1]
[0, 1]
[0, 1]
[0, 1]
[1, 0]
[1, 0]
[1, 0]
[1, 0]
Connection 528:
[1, 0]
[0, 1]
[0, 1]
[0, 1]
[0, 1]
[1, 0]
[0, 1]
[0, 1]
[0, 1]
[0, 1]
Connection 529:
[1, 0]
[0, 1]
[0, 1]
[0, 1]
[0, 1]
[1, 0]
[0, 1]
[0, 1]
[0, 1]
[1, 0]
Connection 530:
[1, 0]
[0, 1]
[0, 1]
[0, 1]
[0, 1]
[1, 0]
[0, 1]
[0, 1]
[1, 0]
[0, 1]
Connection 531:
[1, 0]
[0, 1]
[0, 1]
[0, 1]
[0, 1]
[1, 0]
[0, 1]
[0, 1]
[1, 0]
[1, 0]
Connection 532:
[1, 0]
[0, 1]
[0, 1]
[0, 1]
[0, 1]
[1, 0]
[0, 1]
[1, 0]
[0, 1]
[0, 1]
Connection 533:
[1, 0]
[0, 1]
[0, 1]
[0, 1]
[0, 1]
[1, 0]
[0, 1]
[1, 0]
[0, 1]
[1, 0]
Connection 534:
[1, 0]
[0, 1]
[0, 1]
[0, 1]
[0, 1]
[1, 0]
[0, 1]
[1, 0]
[1, 0]
[0, 1]
Connection 535:
[1, 0]
[0, 1]
[0, 1]
[0, 1]
[0, 1]
[1, 0]
[0, 1]
[1, 0]
[1, 0]
[1, 0]
Connection 536:
[1, 0]
[0, 1]
[0, 1]
[0, 1]
[0, 1]
[1, 0]
[1, 0]
[0, 1]
[0, 1]
[0, 1]
Connection 537:
[1, 0]
[0, 1]
[0, 1]
[0, 1]
[0, 1]
[1, 0]
[1, 0]
[0, 1]
[0, 1]
[1, 0]
Connection 538:
[1, 0]
[0, 1]
[0, 1]
[0, 1]
[0, 1]
[1, 0]
[1, 0]
[0, 1]
[1, 0]
[0, 1]
Connection 539:
[1, 0]
[0, 1]
[0, 1]
[0, 1]
[0, 1]
[1, 0]
[1, 0]
[0, 1]
[1, 0]
[1, 0]
Connection 540:
[1, 0]
[0, 1]
[0, 1]
[0, 1]
[0, 1]
[1, 0]
[1, 0]
[1, 0]
[0, 1]
[0, 1]
Connection 541:
[1, 0]
[0, 1]
[0, 1]
[0, 1]
[0, 1]
[1, 0]
[1, 0]
[1, 0]
[0, 1]
[1, 0]
Connection 542:
[1, 0]
[0, 1]
[0, 1]
[0, 1]
[0, 1]
[1, 0]
[1, 0]
[1, 0]
[1, 0]
[0, 1]
Connection 543:
[1, 0]
[0, 1]
[0, 1]
[0, 1]
[0, 1]
[1, 0]
[1, 0]
[1, 0]
[1, 0]
[1, 0]
Connection 544:
[1, 0]
[0, 1]
[0, 1]
[0, 1]
[1, 0]
[0, 1]
[0, 1]
[0, 1]
[0, 1]
[0, 1]
Connection 545:
[1, 0]
[0, 1]
[0, 1]
[0, 1]
[1, 0]
[0, 1]
[0, 1]
[0, 1]
[0, 1]
[1, 0]
Connection 546:
[1, 0]
[0, 1]
[0, 1]
[0, 1]
[1, 0]
[0, 1]
[0, 1]
[0, 1]
[1, 0]
[0, 1]
Connection 547:
[1, 0]
[0, 1]
[0, 1]
[0, 1]
[1, 0]
[0, 1]
[0, 1]
[0, 1]
[1, 0]
[1, 0]
Connection 548:
[1, 0]
[0, 1]
[0, 1]
[0, 1]
[1, 0]
[0, 1]
[0, 1]
[1, 0]
[0, 1]
[0, 1]
Connection 549:
[1, 0]
[0, 1]
[0, 1]
[0, 1]
[1, 0]
[0, 1]
[0, 1]
[1, 0]
[0, 1]
[1, 0]
Connection 550:
[1, 0]
[0, 1]
[0, 1]
[0, 1]
[1, 0]
[0, 1]
[0, 1]
[1, 0]
[1, 0]
[0, 1]
Connection 551:
[1, 0]
[0, 1]
[0, 1]
[0, 1]
[1, 0]
[0, 1]
[0, 1]
[1, 0]
[1, 0]
[1, 0]
Connection 552:
[1, 0]
[0, 1]
[0, 1]
[0, 1]
[1, 0]
[0, 1]
[1, 0]
[0, 1]
[0, 1]
[0, 1]
Connection 553:
[1, 0]
[0, 1]
[0, 1]
[0, 1]
[1, 0]
[0, 1]
[1, 0]
[0, 1]
[0, 1]
[1, 0]
Connection 554:
[1, 0]
[0, 1]
[0, 1]
[0, 1]
[1, 0]
[0, 1]
[1, 0]
[0, 1]
[1, 0]
[0, 1]
Connection 555:
[1, 0]
[0, 1]
[0, 1]
[0, 1]
[1, 0]
[0, 1]
[1, 0]
[0, 1]
[1, 0]
[1, 0]
Connection 556:
[1, 0]
[0, 1]
[0, 1]
[0, 1]
[1, 0]
[0, 1]
[1, 0]
[1, 0]
[0, 1]
[0, 1]
Connection 557:
[1, 0]
[0, 1]
[0, 1]
[0, 1]
[1, 0]
[0, 1]
[1, 0]
[1, 0]
[0, 1]
[1, 0]
Connection 558:
[1, 0]
[0, 1]
[0, 1]
[0, 1]
[1, 0]
[0, 1]
[1, 0]
[1, 0]
[1, 0]
[0, 1]
Connection 559:
[1, 0]
[0, 1]
[0, 1]
[0, 1]
[1, 0]
[0, 1]
[1, 0]
[1, 0]
[1, 0]
[1, 0]
Connection 560:
[1, 0]
[0, 1]
[0, 1]
[0, 1]
[1, 0]
[1, 0]
[0, 1]
[0, 1]
[0, 1]
[0, 1]
Connection 561:
[1, 0]
[0, 1]
[0, 1]
[0, 1]
[1, 0]
[1, 0]
[0, 1]
[0, 1]
[0, 1]
[1, 0]
Connection 562:
[1, 0]
[0, 1]
[0, 1]
[0, 1]
[1, 0]
[1, 0]
[0, 1]
[0, 1]
[1, 0]
[0, 1]
Connection 563:
[1, 0]
[0, 1]
[0, 1]
[0, 1]
[1, 0]
[1, 0]
[0, 1]
[0, 1]
[1, 0]
[1, 0]
Connection 564:
[1, 0]
[0, 1]
[0, 1]
[0, 1]
[1, 0]
[1, 0]
[0, 1]
[1, 0]
[0, 1]
[0, 1]
Connection 565:
[1, 0]
[0, 1]
[0, 1]
[0, 1]
[1, 0]
[1, 0]
[0, 1]
[1, 0]
[0, 1]
[1, 0]
Connection 566:
[1, 0]
[0, 1]
[0, 1]
[0, 1]
[1, 0]
[1, 0]
[0, 1]
[1, 0]
[1, 0]
[0, 1]
Connection 567:
[1, 0]
[0, 1]
[0, 1]
[0, 1]
[1, 0]
[1, 0]
[0, 1]
[1, 0]
[1, 0]
[1, 0]
Connection 568:
[1, 0]
[0, 1]
[0, 1]
[0, 1]
[1, 0]
[1, 0]
[1, 0]
[0, 1]
[0, 1]
[0, 1]
Connection 569:
[1, 0]
[0, 1]
[0, 1]
[0, 1]
[1, 0]
[1, 0]
[1, 0]
[0, 1]
[0, 1]
[1, 0]
Connection 570:
[1, 0]
[0, 1]
[0, 1]
[0, 1]
[1, 0]
[1, 0]
[1, 0]
[0, 1]
[1, 0]
[0, 1]
Connection 571:
[1, 0]
[0, 1]
[0, 1]
[0, 1]
[1, 0]
[1, 0]
[1, 0]
[0, 1]
[1, 0]
[1, 0]
Connection 572:
[1, 0]
[0, 1]
[0, 1]
[0, 1]
[1, 0]
[1, 0]
[1, 0]
[1, 0]
[0, 1]
[0, 1]
Connection 573:
[1, 0]
[0, 1]
[0, 1]
[0, 1]
[1, 0]
[1, 0]
[1, 0]
[1, 0]
[0, 1]
[1, 0]
Connection 574:
[1, 0]
[0, 1]
[0, 1]
[0, 1]
[1, 0]
[1, 0]
[1, 0]
[1, 0]
[1, 0]
[0, 1]
Connection 575:
[1, 0]
[0, 1]
[0, 1]
[0, 1]
[1, 0]
[1, 0]
[1, 0]
[1, 0]
[1, 0]
[1, 0]
Connection 576:
[1, 0]
[0, 1]
[0, 1]
[1, 0]
[0, 1]
[0, 1]
[0, 1]
[0, 1]
[0, 1]
[0, 1]
Connection 577:
[1, 0]
[0, 1]
[0, 1]
[1, 0]
[0, 1]
[0, 1]
[0, 1]
[0, 1]
[0, 1]
[1, 0]
Connection 578:
[1, 0]
[0, 1]
[0, 1]
[1, 0]
[0, 1]
[0, 1]
[0, 1]
[0, 1]
[1, 0]
[0, 1]
Connection 579:
[1, 0]
[0, 1]
[0, 1]
[1, 0]
[0, 1]
[0, 1]
[0, 1]
[0, 1]
[1, 0]
[1, 0]
Connection 580:
[1, 0]
[0, 1]
[0, 1]
[1, 0]
[0, 1]
[0, 1]
[0, 1]
[1, 0]
[0, 1]
[0, 1]
Connection 581:
[1, 0]
[0, 1]
[0, 1]
[1, 0]
[0, 1]
[0, 1]
[0, 1]
[1, 0]
[0, 1]
[1, 0]
Connection 582:
[1, 0]
[0, 1]
[0, 1]
[1, 0]
[0, 1]
[0, 1]
[0, 1]
[1, 0]
[1, 0]
[0, 1]
Connection 583:
[1, 0]
[0, 1]
[0, 1]
[1, 0]
[0, 1]
[0, 1]
[0, 1]
[1, 0]
[1, 0]
[1, 0]
Connection 584:
[1, 0]
[0, 1]
[0, 1]
[1, 0]
[0, 1]
[0, 1]
[1, 0]
[0, 1]
[0, 1]
[0, 1]
Connection 585:
[1, 0]
[0, 1]
[0, 1]
[1, 0]
[0, 1]
[0, 1]
[1, 0]
[0, 1]
[0, 1]
[1, 0]
Connection 586:
[1, 0]
[0, 1]
[0, 1]
[1, 0]
[0, 1]
[0, 1]
[1, 0]
[0, 1]
[1, 0]
[0, 1]
Connection 587:
[1, 0]
[0, 1]
[0, 1]
[1, 0]
[0, 1]
[0, 1]
[1, 0]
[0, 1]
[1, 0]
[1, 0]
Connection 588:
[1, 0]
[0, 1]
[0, 1]
[1, 0]
[0, 1]
[0, 1]
[1, 0]
[1, 0]
[0, 1]
[0, 1]
Connection 589:
[1, 0]
[0, 1]
[0, 1]
[1, 0]
[0, 1]
[0, 1]
[1, 0]
[1, 0]
[0, 1]
[1, 0]
Connection 590:
[1, 0]
[0, 1]
[0, 1]
[1, 0]
[0, 1]
[0, 1]
[1, 0]
[1, 0]
[1, 0]
[0, 1]
Connection 591:
[1, 0]
[0, 1]
[0, 1]
[1, 0]
[0, 1]
[0, 1]
[1, 0]
[1, 0]
[1, 0]
[1, 0]
Connection 592:
[1, 0]
[0, 1]
[0, 1]
